(1023, 895)
(1279, 1407, 1535)
(1663, 1535, 1407)
(2559, 2687, 2815)
(2687, 2815, 2943)
(2686, 2815, 2943)
(2815, 2943, 2687)
(2431, 2814, 2814)
(2559, 2815, 2815)
(1026, 2049, 1921, 1909, 1910, 1285, 1026, 2433, 2559, 2420)
(2049, 1921, 1909, 1910, 1285, 1026, 2433, 2559, 2420, 2421)
(2420, 2421, 2559, 2433, 1026, 2049, 1921, 1909, 1910, 1285)
(2421, 2559, 2433, 1026, 2049, 1921, 1909, 1910, 1285, 1026)
(2433, 1026, 2049, 1921, 1909, 1910, 1285, 1026, 2433, 2559)
(2559, 2420, 2421, 2559, 2433, 1026, 2049, 1921, 1909, 1910)
(2559, 2433, 1026, 2049, 1921, 1909, 1910, 1285, 1026, 2433)
(767, 639, 511, 383, 255, 127, 255, 383, 511, 639)
(639, 511, 383, 255, 127, 127, 255, 383, 511, 639)
(1023, 1151, 1279, 1407)
(1151, 1279, 1407, 1279)
(1279, 1407, 1279, 1151)
(1407, 1279, 1151, 1023)
(895, 1023, 1151, 1279, 1407)
(1023, 1151, 1279, 1407, 1279)
(1151, 1279, 1407, 1279, 1151)
(1279, 1407, 1279, 1151, 1023)
(895, 1023, 1151, 1279, 1407, 1279)
(1023, 1151, 1279, 1407, 1279, 1151)
(1151, 1279, 1407, 1279, 1151, 1023)
(767, 895, 1023, 1151, 1279, 1151)
(895, 1023, 1151, 1279, 1151, 1023)
(1023, 1151, 1279, 1151, 1023, 895)
(895, 1023, 1151, 1279, 1407, 1279, 1151)
(1023, 1151, 1279, 1407, 1279, 1151, 1023)
(767, 895, 1023, 1151, 1279, 1151, 1023)
(895, 1023, 1151, 1279, 1151, 1023, 895)
(2175, 2303, 2431, 2687, 2687, 2559, 2431, 2303)
(2047, 2175, 2303, 2559, 2559, 2431, 2303, 2175)
(1919, 2047, 2175, 2431, 2431, 2303, 2175, 2047)
(1791, 1919, 2047, 2303, 2303, 2175, 2047, 1919)
(1663, 1791, 1919, 2175, 2175, 2047, 1919, 1791)
(895, 1023, 1151, 1279, 1407, 1279, 1151, 1023)
(767, 895, 1023, 1151, 1279, 1151, 1023, 895)
(767, 895, 1023, 1151, 1279, 1407, 1279, 1151, 1023)
(1407, 1535, 1663, 1791, 1663, 1535, 1407, 1279, 1151)
(1023, 1151, 1279, 1407, 1535, 1663, 1791, 1919, 1791)
(1663, 1791, 1919, 1791, 1663, 1535, 1407, 1279, 1151)
(1023, 1151, 1279, 1407, 1535, 1663, 1791, 1919, 2047)
(1919, 2047, 1919, 1791, 1663, 1535, 1407, 1279, 1151)
(2175, 2047, 1919, 1791, 1663, 1535, 1407, 1279, 1151)
(2175, 2431, 2559, 2687, 2815, 2687, 2431, 2303, 2175)
(2175, 2303, 2559, 2687, 2815, 2559, 2431, 2303, 2175)
(2303, 2431, 2559, 2687, 2815, 2943, 2815, 2687, 2559)
(2431, 2559, 2687, 2815, 2943, 2815, 2687, 2559, 2303)
(2175, 2431, 2559, 2687, 2815, 2943, 2815, 2687, 2431)
(2175, 2558, 2687, 2815, 2943, 2815, 2558, 2303, 2175)
(2303, 2559, 2687, 2815, 2943, 2815, 2559, 2431, 2303)
(2175, 2303, 2686, 2815, 2943, 2686, 2431, 2303, 2175)
(2303, 2431, 2687, 2815, 2943, 2687, 2559, 2431, 2303)
(2175, 2303, 2431, 2814, 2814, 2559, 2431, 2303, 2175)
(2303, 2431, 2559, 2815, 2815, 2687, 2559, 2431, 2303)
