./QASMBench/large/bwt_n21/bwt_n21.qasm
0
0
./QASMBench/large/dnn_n16/dnn_n16.qasm
0
0
./QASMBench/large/vqe_n24/vqe_n24.qasm
20
2815 2815 2815 2815 2815 2815 2815 255 127 255 127 383 255 127 255 383 255 127 255 383 255 383 255 
127 255 383 511 383 255 383 511 383 255 383 511 383 511 383 
255 383 511 639 511 383 511 639 511 383 511 639 511 639 511 
383 511 639 767 639 511 639 767 639 511 639 767 639 767 639 
511 639 767 895 767 639 767 895 767 639 767 895 767 895 767 
639 767 895 1023 895 767 895 1023 895 767 895 1023 895 1023 895 
767 895 1023 1151 1023 895 1023 1151 1023 895 1023 1151 1023 1151 1023 
895 1023 1151 1279 1151 1023 1151 1279 1151 1023 1151 1279 1151 1279 
1023 1151 1279 1407 1279 1151 1279 1407 1279 1151 1279 1407 1279 1407 
1151 1279 1407 1535 1407 1279 1407 1535 1407 1279 1407 1535 1407 1535 
1279 1407 1535 1663 1535 1407 1535 1663 1535 1407 1535 1663 1535 1663 
1407 1535 1663 1791 1663 1535 1663 1791 1663 1535 1663 1791 1663 1791 
1535 1663 1791 1919 1791 1663 1791 1919 1791 1663 1791 1919 1791 1919 
1663 1791 1919 2047 1919 1791 1919 2047 1919 1791 1919 2047 1919 2047 
1791 1919 2047 2175 2047 1919 2047 2175 2047 1919 2047 2175 2047 2175 
1919 2047 2175 2303 2175 2047 2175 2303 2175 2047 2175 2303 2175 2303 
2047 2175 2303 2431 2303 2175 2303 2431 2303 2175 2303 2431 2303 2431 
2175 2303 2431 2559 2431 2303 2431 2559 2431 2303 2431 2559 2431 2559 
2303 2431 2559 2687 2559 2431 2559 2687 2559 2431 2559 2687 2559 2687 
2431 2559 2687 2815 2687 2559 2687 2815 2687 2559 2687 2815 2687 2815 
0
./QASMBench/large/ghz_state_n23/ghz_state_n23.qasm
0
0
./QASMBench/large/swap_test_n25/swap_test_n25.qasm
./QASMBench/large/cat_state_n22/cat_state_n22.qasm
0
0
./QASMBench/large/bigadder_n18/bigadder_n18.qasm
./QASMBench/large/ising_model_n500/ising_model_n500.qasm
0
0
./QASMBench/large/ising_n26/ising_n26.qasm
0
0
./QASMBench/large/wstate_n27/wstate_n27.qasm
0
0
./QASMBench/large/class_number_n60045/class_number_n60045.qasm
84
315474 3246 763 315602 3374 889 315730 3502 1017 315858 3630 1145 315986 3758 1273 316114 3886 1401 316836 79452 76963 316964 79580 77089 317092 79708 77217 317220 79836 77345 317348 79964 77473 317476 80092 77601 318198 155658 153163 318326 155786 153289 318454 155914 153417 318582 156042 153545 318710 156170 153673 318838 156298 153801 319560 231864 229362 319688 231992 229490 319816 232120 229618 319944 232248 229746 320072 232376 229874 320200 232504 230002 327882 328010 328138 328266 328394 328522 327941 328068 328195 328322 328449 328698 327942 328698 328826 328070 328826 328954 328198 328954 329082 328326 329082 329210 328454 329210 344583 344577 344837 344833 345091 345089 345345 345345 345599 345601 330609 332261 333913 335565 337217 338869 340521 342173 
330751 332415 334079 335743 337407 339071 340735 342399 345828 346082 346336 330715 332366 334017 335668 337319 338970 340621 345956 346210 346464 330843 332494 334145 335796 337447 339098 340749 346590 346717 346844 346971 347098 347225 347352 347479 347606 347733 347860 330715 332366 334017 335668 337319 338970 340621 346591 346718 346845 346972 347099 347226 347353 347480 347607 347734 347861 330843 332494 334145 335796 337447 339098 340749 346883 331133 346883 347023 332785 347023 347163 334437 347163 347303 336089 347303 347443 337741 347443 347583 339393 347583 347723 341045 347723 347863 342697 347863 331135 332799 334463 336127 337791 339455 341119 342783 347990 348244 348498 331099 332750 334401 336052 337703 339354 341005 348118 348372 348626 331227 332878 334529 336180 337831 339482 341133 348752 348879 349006 349133 349260 349387 349514 349641 349768 349895 350022 331099 332750 334401 336052 337703 339354 341005 348753 348880 349007 349134 349261 349388 349515 349642 349769 349896 350023 331227 332878 334529 336180 337831 339482 341133 349045 331531 349045 349185 333183 349185 349325 334835 349325 349465 336487 349465 349605 338139 349605 349745 339791 349745 349885 341443 349885 350025 343095 350025 331519 333183 334847 336511 338175 339839 341503 343167 350152 350406 350660 331483 333134 334785 336436 338087 339738 341389 350280 350534 350788 331611 333262 334913 336564 338215 339866 341517 350914 351041 351168 351295 351422 351549 351676 351803 351930 352057 352184 331483 333134 334785 336436 338087 339738 341389 350915 351042 351169 351296 351423 351550 351677 351804 351931 352058 352185 331611 333262 334913 336564 338215 339866 341517 351207 331929 351207 351347 333581 351347 351487 335233 351487 351627 336885 351627 351767 338537 351767 351907 340189 351907 352047 341841 352047 352187 343493 352187 
342148 342643 340484 340979 338820 339315 337156 337651 335492 335987 333828 334323 332164 332659 330500 342131 340467 338803 337139 335475 333811 332147 330500 331004 332147 332164 332668 333811 333828 334332 335475 335492 335996 337139 337156 337660 338803 338820 339324 340467 340484 340988 342131 342148 342652 342151 343027 340487 341363 338823 339699 337159 338035 335495 336371 333831 334707 332167 333043 330503 342131 340467 338803 337139 335475 333811 332147 330503 331385 332147 332167 333049 333811 333831 334713 335475 335495 336377 337139 337159 338041 338803 338823 339705 340467 340487 341369 342131 342151 343033 342154 343411 340490 341747 338826 340083 337162 338419 335498 336755 333834 335091 332170 333427 330506 342131 340467 338803 337139 335475 333811 332147 330506 331766 332147 332170 333430 333811 333834 335094 335475 335498 336758 337139 337162 338422 338803 338826 340086 340467 340490 341750 342131 342154 343414 330878 332542 334206 335870 337534 339198 340862 342526 352307 352561 352815 330971 332622 334273 335924 337575 339226 340877 352435 352689 352943 331099 332750 334401 336052 337703 339354 341005 353069 353196 353323 353450 353577 353704 353831 353958 354085 354212 354339 330971 332622 334273 335924 337575 339226 340877 353070 353197 353324 353451 353578 353705 353832 353959 354086 354213 354340 331099 332750 334401 336052 337703 339354 341005 353362 331438 353362 353502 333090 353502 353642 334742 353642 353782 336394 353782 353922 338046 353922 354062 339698 354062 354202 341350 354202 354342 343002 354342 354469 354723 354977 331355 333006 334657 336308 337959 339610 341261 354597 354851 355105 331483 333134 334785 336436 338087 339738 341389 355231 355358 355485 355612 355739 355866 355993 356120 356247 356374 356501 331355 333006 334657 336308 337959 339610 341261 355232 355359 355486 355613 355740 355867 355994 356121 356248 356375 356502 331483 333134 334785 336436 338087 339738 341389 355524 331836 355524 355664 333488 355664 355804 335140 355804 355944 336792 355944 356084 338444 356084 356224 340096 356224 356364 341748 356364 356504 343400 356504 356631 356885 357139 331739 333390 335041 336692 338343 339994 341645 356759 357013 357267 331867 333518 335169 336820 338471 340122 341773 357393 357520 357647 357774 357901 358028 358155 358282 358409 358536 358663 331739 333390 335041 336692 338343 339994 341645 357394 357521 357648 357775 357902 358029 358156 358283 358410 358537 358664 331867 333518 335169 336820 338471 340122 341773 357686 332234 357686 357826 333886 357826 357966 335538 357966 358106 337190 358106 358246 338842 358246 358386 340494 358386 358526 342146 358526 358666 343798 358666 332006 328730 332006 333658 328870 333658 335310 329010 335310 336962 329150 336962 338614 329290 338614 340266 329430 340266 341918 329570 341918 343570 329710 343570 327948 328076 328204 328332 328460 327941 328068 328195 328322 328449 343654 324250 343654 343782 324378 343782 343910 324506 343910 344038 324634 344038 344166 324762 344166 344294 324890 344294 324126 324254 324382 324510 324638 324766 3154 322431 3026 322303 2898 322175 2770 322047 2642 321919 2514 639 511 383 255 127 2514 319278 127 2642 319406 255 2770 319534 383 2898 319662 511 3026 319790 639 3154 319918 358646 325130 322932 358774 325258 323060 358902 325386 323188 359030 325514 323316 359158 325642 323444 359286 325770 323572 359389 359643 359897 321797 321924 322051 322178 322305 359534 359788 360042 324101 324228 324355 324482 324609 360151 360278 360405 360532 360659 360786 360913 361040 361167 321797 321924 322051 322178 322305 360169 360296 360423 360550 360677 360804 360931 361058 361185 324101 324228 324355 324482 324609 358025 4343 358025 358153 4471 358153 358281 4599 358281 358409 4727 358409 358537 4855 358537 358665 4983 358665 1541 1668 1795 1922 2049 4984 358792 4984 364776 361752 359508 364904 361880 359636 365032 362008 359764 365160 362136 359892 365288 362264 360020 365416 362392 360148 
361078 5002 2175 360950 4874 2047 360822 4746 1919 360694 4618 1791 360566 4490 1663 360438 4362 1663 1791 1919 2047 2175 4362 363391 4490 363519 4618 363647 4746 363775 4874 363903 5002 
359540 361826 359540 361826 359540 361826 359540 361826 384 359540 361064 359540 361064 384 359540 361064 359540 361064 
359543 361829 359543 361829 359543 361829 359543 361829 387 359543 361067 359543 361067 387 359543 361067 359543 361067 
359546 361832 359546 361832 359546 361832 359546 361832 390 359546 361070 359546 361070 390 359546 361070 359546 361070 
647 359549 647 359549 647 359549 647 359549 2171 359549 2171 359549 2171 359549 2171 359549 
650 359552 650 359552 650 359552 650 359552 2174 359552 2174 359552 2174 359552 2174 359552 
653 359555 653 359555 653 359555 653 359555 2177 359555 2177 359555 2177 359555 2177 359555 80122 323199 79994 323071 79866 322943 79738 322815 79610 322687 79482 78207 78079 77951 77823 77695 79482 320646 77695 79610 320774 77823 79738 320902 77951 79866 321030 78079 79994 321158 78207 80122 321286 3160 323199 3032 323071 2904 322943 2776 322815 2648 322687 2520 639 511 383 255 127 2520 320040 127 2648 320168 255 2776 320296 383 2904 320424 511 3032 320552 639 3160 320680 367518 367646 367774 367902 368030 368158 367877 368004 368131 368258 368385 368634 367878 368634 368762 368006 368762 368890 368134 368890 369018 368262 369018 369146 368390 369146 384519 384513 384773 384769 385027 385025 385281 385281 385535 385537 370545 372197 373849 375501 377153 378805 380457 382109 
370687 372351 374015 375679 377343 379007 380671 382335 385764 386018 386272 370651 372302 373953 375604 377255 378906 380557 385892 386146 386400 370779 372430 374081 375732 377383 379034 380685 386526 386653 386780 386907 387034 387161 387288 387415 387542 387669 387796 370651 372302 373953 375604 377255 378906 380557 386527 386654 386781 386908 387035 387162 387289 387416 387543 387670 387797 370779 372430 374081 375732 377383 379034 380685 386819 371069 386819 386959 372721 386959 387099 374373 387099 387239 376025 387239 387379 377677 387379 387519 379329 387519 387659 380981 387659 387799 382633 387799 371071 372735 374399 376063 377727 379391 381055 382719 387926 388180 388434 371035 372686 374337 375988 377639 379290 380941 388054 388308 388562 371163 372814 374465 376116 377767 379418 381069 388688 388815 388942 389069 389196 389323 389450 389577 389704 389831 389958 371035 372686 374337 375988 377639 379290 380941 388689 388816 388943 389070 389197 389324 389451 389578 389705 389832 389959 371163 372814 374465 376116 377767 379418 381069 388981 371467 388981 389121 373119 389121 389261 374771 389261 389401 376423 389401 389541 378075 389541 389681 379727 389681 389821 381379 389821 389961 383031 389961 371455 373119 374783 376447 378111 379775 381439 383103 390088 390342 390596 371419 373070 374721 376372 378023 379674 381325 390216 390470 390724 371547 373198 374849 376500 378151 379802 381453 390850 390977 391104 391231 391358 391485 391612 391739 391866 391993 392120 371419 373070 374721 376372 378023 379674 381325 390851 390978 391105 391232 391359 391486 391613 391740 391867 391994 392121 371547 373198 374849 376500 378151 379802 381453 391143 371865 391143 391283 373517 391283 391423 375169 391423 391563 376821 391563 391703 378473 391703 391843 380125 391843 391983 381777 391983 392123 383429 392123 
382084 382579 380420 380915 378756 379251 377092 377587 375428 375923 373764 374259 372100 372595 370436 382067 380403 378739 377075 375411 373747 372083 370436 370940 372083 372100 372604 373747 373764 374268 375411 375428 375932 377075 377092 377596 378739 378756 379260 380403 380420 380924 382067 382084 382588 382087 382963 380423 381299 378759 379635 377095 377971 375431 376307 373767 374643 372103 372979 370439 382067 380403 378739 377075 375411 373747 372083 370439 371321 372083 372103 372985 373747 373767 374649 375411 375431 376313 377075 377095 377977 378739 378759 379641 380403 380423 381305 382067 382087 382969 382090 383347 380426 381683 378762 380019 377098 378355 375434 376691 373770 375027 372106 373363 370442 382067 380403 378739 377075 375411 373747 372083 370442 371702 372083 372106 373366 373747 373770 375030 375411 375434 376694 377075 377098 378358 378739 378762 380022 380403 380426 381686 382067 382090 383350 370814 372478 374142 375806 377470 379134 380798 382462 392243 392497 392751 370907 372558 374209 375860 377511 379162 380813 392371 392625 392879 371035 372686 374337 375988 377639 379290 380941 393005 393132 393259 393386 393513 393640 393767 393894 394021 394148 394275 370907 372558 374209 375860 377511 379162 380813 393006 393133 393260 393387 393514 393641 393768 393895 394022 394149 394276 371035 372686 374337 375988 377639 379290 380941 393298 371374 393298 393438 373026 393438 393578 374678 393578 393718 376330 393718 393858 377982 393858 393998 379634 393998 394138 381286 394138 394278 382938 394278 394405 394659 394913 371291 372942 374593 376244 377895 379546 381197 394533 394787 395041 371419 373070 374721 376372 378023 379674 381325 395167 395294 395421 395548 395675 395802 395929 396056 396183 396310 396437 371291 372942 374593 376244 377895 379546 381197 395168 395295 395422 395549 395676 395803 395930 396057 396184 396311 396438 371419 373070 374721 376372 378023 379674 381325 395460 371772 395460 395600 373424 395600 395740 375076 395740 395880 376728 395880 396020 378380 396020 396160 380032 396160 396300 381684 396300 396440 383336 396440 396567 396821 397075 371675 373326 374977 376628 378279 379930 381581 396695 396949 397203 371803 373454 375105 376756 378407 380058 381709 397329 397456 397583 397710 397837 397964 398091 398218 398345 398472 398599 371675 373326 374977 376628 378279 379930 381581 397330 397457 397584 397711 397838 397965 398092 398219 398346 398473 398600 371803 373454 375105 376756 378407 380058 381709 397622 372170 397622 397762 373822 397762 397902 375474 397902 398042 377126 398042 398182 378778 398182 398322 380430 398322 398462 382082 398462 398602 383734 398602 371942 368666 371942 373594 368806 373594 375246 368946 375246 376898 369086 376898 378550 369226 378550 380202 369366 380202 381854 369506 381854 383506 369646 383506 367884 368012 368140 368268 368396 367877 368004 368131 368258 368385 383290 326086 383290 383418 326214 383418 383546 326342 383546 383674 326470 383674 383802 326598 383802 383930 326726 383930 325962 326090 326218 326346 326474 326602 80128 323967 80000 323839 79872 323711 79744 323583 79616 323455 79488 78207 78079 77951 77823 77695 79488 321408 77695 79616 321536 77823 79744 321664 77951 79872 321792 78079 80000 321920 78207 80128 322048 321442 3166 639 321314 3038 511 321186 2910 383 321058 2782 255 320930 2654 127 320802 2526 127 255 383 511 639 2526 323455 2654 323583 2782 323711 2910 323839 3038 323967 3166 398263 398517 398771 323333 323460 323587 323714 323841 398408 398662 398916 325637 325764 325891 326018 326145 399025 399152 399279 399406 399533 399660 399787 399914 400041 323333 323460 323587 323714 323841 399043 399170 399297 399424 399551 399678 399805 399932 400059 325637 325764 325891 326018 326145 399425 326975 399425 399553 327103 399553 399681 327231 399681 399809 327359 399809 399937 327487 399937 400065 327615 400065 326405 326532 326659 326786 326913 327616 400192 327616 400314 400823 401332 401841 402350 406246 406399 406500 406655 406754 406911 407008 407167 407262 407423 405246 404988 404734 404476 404222 403964 403710 403452 403198 402940 402686 402428 402174 401916 401662 401404 401150 405244 404732 404220 403708 403196 402684 402172 401660 401150 400898 401660 401662 401410 402172 402174 401922 402684 402686 402434 403196 403198 402946 403708 403710 403458 404220 404222 403970 404732 404734 404482 405244 405246 404994 418998 419252 419506 419760 407568 407822 408076 408330 408584 408838 409092 409346 419089 419343 419597 419851 400928 401436 401944 402452 402960 403468 403976 404484 420014 420141 420268 420395 420522 420649 420776 420903 421030 421157 421284 421411 421538 407568 407822 408076 408330 408584 408838 409092 409346 419978 420105 420232 420359 420486 420613 420740 420867 420994 421121 421248 421375 421502 400928 401436 401944 402452 402960 403468 403976 404484 420524 409940 420524 420653 410195 420653 420782 410450 420782 420911 410705 420911 421040 410960 421040 421169 411215 421169 421298 411470 421298 421427 411725 421427 421556 411980 421556 421683 421937 422191 422445 409872 410126 410380 410634 410888 411142 411396 411650 421756 422010 422264 422518 400928 401436 401944 402452 402960 403468 403976 404484 422699 422826 422953 423080 423207 423334 423461 423588 423715 423842 423969 424096 424223 409872 410126 410380 410634 410888 411142 411396 411650 422645 422772 422899 423026 423153 423280 423407 423534 423661 423788 423915 424042 424169 400928 401436 401944 402452 402960 403468 403976 404484 423209 412247 423209 423338 412502 423338 423467 412757 423467 423596 413012 423596 423725 413267 423725 423854 413522 423854 423983 413777 423983 424112 414032 424112 424241 414287 424241 424368 424622 424876 425130 412176 412430 412684 412938 413192 413446 413700 413954 424423 424677 424931 425185 400928 401436 401944 402452 402960 403468 403976 404484 425384 425511 425638 425765 425892 426019 426146 426273 426400 426527 426654 426781 426908 412176 412430 412684 412938 413192 413446 413700 413954 425312 425439 425566 425693 425820 425947 426074 426201 426328 426455 426582 426709 426836 400928 401436 401944 402452 402960 403468 403976 404484 425894 414554 425894 426023 414809 426023 426152 415064 426152 426281 415319 426281 426410 415574 426410 426539 415829 426539 426668 416084 426668 426797 416339 426797 426926 416594 426926 427053 427307 427561 427815 414480 414734 414988 415242 415496 415750 416004 416258 427090 427344 427598 427852 400928 401436 401944 402452 402960 403468 403976 404484 428069 428196 428323 428450 428577 428704 428831 428958 429085 429212 429339 429466 429593 414480 414734 414988 415242 415496 415750 416004 416258 427979 428106 428233 428360 428487 428614 428741 428868 428995 429122 429249 429376 429503 400928 401436 401944 402452 402960 403468 403976 404484 428579 416861 428579 428708 417116 428708 428837 417371 428837 428966 417626 428966 429095 417881 429095 429224 418136 429224 429353 418391 429353 429482 418646 429482 429611 418901 429611 429684 429938 430192 430446 409872 410126 410380 410634 410888 411142 411396 411650 429812 430066 430320 430574 410000 410254 410508 410762 411016 411270 411524 411778 430700 430827 430954 431081 431208 431335 431462 431589 431716 431843 431970 432097 432224 409872 410126 410380 410634 410888 411142 411396 411650 430701 430828 430955 431082 431209 431336 431463 431590 431717 431844 431971 432098 432225 410000 410254 410508 410762 411016 411270 411524 411778 431122 401134 431122 431253 401643 431253 431384 402152 431384 431515 402661 431515 431646 403170 431646 431777 403679 431777 431908 404188 431908 432039 404697 432039 432170 405206 432170 409786 400966 409786 410044 401476 410044 410302 401986 410302 410560 402496 410560 410818 403006 410818 411076 403516 411076 411334 404026 411334 411592 404536 411592 411850 405046 411850 432369 432623 432877 433131 412176 412430 412684 412938 413192 413446 413700 413954 432497 432751 433005 433259 412304 412558 412812 413066 413320 413574 413828 414082 433385 433512 433639 433766 433893 434020 434147 434274 434401 434528 434655 434782 434909 412176 412430 412684 412938 413192 413446 413700 413954 433386 433513 433640 433767 433894 434021 434148 434275 434402 434529 434656 434783 434910 412304 412558 412812 413066 413320 413574 413828 414082 433789 401155 433789 433920 401664 433920 434051 402173 434051 434182 402682 434182 434313 403191 434313 434444 403700 434444 434575 404209 434575 434706 404718 434706 434837 405227 434837 412072 400984 412072 412330 401494 412330 412588 402004 412588 412846 402514 412846 413104 403024 413104 413362 403534 413362 413620 404044 413620 413878 404554 413878 414136 405064 414136 435054 435308 435562 435816 414480 414734 414988 415242 415496 415750 416004 416258 435182 435436 435690 435944 414608 414862 415116 415370 415624 415878 416132 416386 436070 436197 436324 436451 436578 436705 436832 436959 437086 437213 437340 437467 437594 414480 414734 414988 415242 415496 415750 416004 416258 436071 436198 436325 436452 436579 436706 436833 436960 437087 437214 437341 437468 437595 414608 414862 415116 415370 415624 415878 416132 416386 436456 401176 436456 436587 401685 436587 436718 402194 436718 436849 402703 436849 436980 403212 436980 437111 403721 437111 437242 404230 437242 437373 404739 437373 437504 405248 437504 414358 401002 414358 414616 401512 414616 414874 402022 414874 415132 402532 415132 415390 403042 415390 415648 403552 415648 415906 404062 415906 416164 404572 416164 416422 405082 416422 437739 437993 438247 438501 416784 417038 417292 417546 417800 418054 418308 418562 437867 438121 438375 438629 416912 417166 417420 417674 417928 418182 418436 418690 438755 438882 439009 439136 439263 439390 439517 439644 439771 439898 440025 440152 440279 416784 417038 417292 417546 417800 418054 418308 418562 438756 438883 439010 439137 439264 439391 439518 439645 439772 439899 440026 440153 440280 416912 417166 417420 417674 417928 418182 418436 418690 439123 401197 439123 439254 401706 439254 439385 402215 439385 439516 402724 439516 439647 403233 439647 439778 403742 439778 439909 404251 439909 440040 404760 440040 440171 405269 440171 416644 401020 416644 416902 401530 416902 417160 402040 417160 417418 402550 417418 417676 403060 417676 417934 403570 417934 418192 404080 418192 418450 404590 418450 418708 405100 418708 400897 401023 400897 401409 401535 401409 401921 402047 401921 402433 402559 402433 402945 403071 402945 403457 403583 403457 403969 404095 403969 404481 404607 404481 404993 405119 404993 405046 411850 411902 404536 411592 411646 404026 411334 411390 403516 411076 411134 403006 410818 410878 402496 410560 410622 401986 410302 410366 401476 410044 410110 400966 409786 410110 410366 410622 410878 411134 411390 411646 411902 409786 401404 410044 401916 410302 402428 410560 402940 410818 403452 411076 403964 411334 404476 411592 404988 411850 405064 414136 414206 404554 413878 413950 404044 413620 413694 403534 413362 413438 403024 413104 413182 402514 412846 412926 402004 412588 412670 401494 412330 412414 400984 412072 412414 412670 412926 413182 413438 413694 413950 414206 412072 401404 412330 401916 412588 402428 412846 402940 413104 403452 413362 403964 413620 404476 413878 404988 414136 405082 416422 416510 404572 416164 416254 404062 415906 415998 403552 415648 415742 403042 415390 415486 402532 415132 415230 402022 414874 414974 401512 414616 414718 401002 414358 414718 414974 415230 415486 415742 415998 416254 416510 414358 401404 414616 401916 414874 402428 415132 402940 415390 403452 415648 403964 415906 404476 416164 404988 416422 405100 418708 418814 404590 418450 418558 404080 418192 418302 403570 417934 418046 403060 417676 417790 402550 417418 417534 402040 417160 417278 401530 416902 417022 401020 416644 417022 417278 417534 417790 418046 418302 418558 418814 416644 401404 416902 401916 417160 402428 417418 402940 417676 403452 417934 403964 418192 404476 418450 404988 418708 409694 405372 411976 404860 411718 404348 411460 403836 411202 403324 410944 402812 410686 402300 410428 401788 410170 409746 412030 411774 411518 411262 411006 410750 410494 410170 401350 410494 410428 401860 410750 410686 402370 411006 410944 402880 411262 411202 403390 411518 411460 403900 411774 411718 404410 412030 411976 404920 409746 409694 405410 409694 405372 409436 404860 414258 404348 414000 403836 413742 403324 413484 402812 413226 402300 412968 401788 412710 409726 409510 414334 414078 413822 413566 413310 413054 412710 401370 413054 412968 401880 413310 413226 402390 413566 413484 402900 413822 413742 403410 414078 414000 403920 414334 414258 404430 409510 
416540 403836 416282 403324 416024 402812 415766 402300 415508 401788 415250 409726 409470 409274 416638 416382 416126 415870 415614 415250 401390 415614 415508 401900 415870 415766 402410 416126 416024 402920 416382 416282 403430 416638 416540 403940 409274 409178 404390 409470 
408920 403836 418822 403324 418564 402812 418306 402300 418048 401788 417790 409726 409470 409214 409038 418942 418686 418430 418174 417790 401410 418174 418048 401920 418430 418306 402430 418686 418564 402940 418942 418822 403450 409038 408920 403880 409214 409178 404390 409470 409436 404900 409726 409694 405410 
404892 327780 404892 405020 327908 405020 405148 328036 405148 405276 328164 405276 405404 328292 405404 405532 328420 405532 327756 327887 328018 328149 328280 328411 232558 327807 232430 327679 232302 327551 232174 327423 232046 327295 231918 231807 231679 231551 231423 231295 231918 326418 231295 232046 326546 231423 232174 326674 231551 232302 326802 231679 232430 326930 231807 232558 327058 447434 447562 447690 447818 447946 448074 447493 447620 447747 447874 448001 448250 447494 448250 448378 447622 448378 448506 447750 448506 448634 447878 448634 448762 448006 448762 464135 464129 464389 464385 464643 464641 464897 464897 465151 465153 450161 451813 453465 455117 456769 458421 460073 461725 
450303 451967 453631 455295 456959 458623 460287 461951 465380 465634 465888 450267 451918 453569 455220 456871 458522 460173 465508 465762 466016 450395 452046 453697 455348 456999 458650 460301 466142 466269 466396 466523 466650 466777 466904 467031 467158 467285 467412 450267 451918 453569 455220 456871 458522 460173 466143 466270 466397 466524 466651 466778 466905 467032 467159 467286 467413 450395 452046 453697 455348 456999 458650 460301 466435 450685 466435 466575 452337 466575 466715 453989 466715 466855 455641 466855 466995 457293 466995 467135 458945 467135 467275 460597 467275 467415 462249 467415 450687 452351 454015 455679 457343 459007 460671 462335 467542 467796 468050 450651 452302 453953 455604 457255 458906 460557 467670 467924 468178 450779 452430 454081 455732 457383 459034 460685 468304 468431 468558 468685 468812 468939 469066 469193 469320 469447 469574 450651 452302 453953 455604 457255 458906 460557 468305 468432 468559 468686 468813 468940 469067 469194 469321 469448 469575 450779 452430 454081 455732 457383 459034 460685 468597 451083 468597 468737 452735 468737 468877 454387 468877 469017 456039 469017 469157 457691 469157 469297 459343 469297 469437 460995 469437 469577 462647 469577 451071 452735 454399 456063 457727 459391 461055 462719 469704 469958 470212 451035 452686 454337 455988 457639 459290 460941 469832 470086 470340 451163 452814 454465 456116 457767 459418 461069 470466 470593 470720 470847 470974 471101 471228 471355 471482 471609 471736 451035 452686 454337 455988 457639 459290 460941 470467 470594 470721 470848 470975 471102 471229 471356 471483 471610 471737 451163 452814 454465 456116 457767 459418 461069 470759 451481 470759 470899 453133 470899 471039 454785 471039 471179 456437 471179 471319 458089 471319 471459 459741 471459 471599 461393 471599 471739 463045 471739 
461700 462195 460036 460531 458372 458867 456708 457203 455044 455539 453380 453875 451716 452211 450052 461683 460019 458355 456691 455027 453363 451699 450052 450556 451699 451716 452220 453363 453380 453884 455027 455044 455548 456691 456708 457212 458355 458372 458876 460019 460036 460540 461683 461700 462204 461703 462579 460039 460915 458375 459251 456711 457587 455047 455923 453383 454259 451719 452595 450055 461683 460019 458355 456691 455027 453363 451699 450055 450937 451699 451719 452601 453363 453383 454265 455027 455047 455929 456691 456711 457593 458355 458375 459257 460019 460039 460921 461683 461703 462585 461706 462963 460042 461299 458378 459635 456714 457971 455050 456307 453386 454643 451722 452979 450058 461683 460019 458355 456691 455027 453363 451699 450058 451318 451699 451722 452982 453363 453386 454646 455027 455050 456310 456691 456714 457974 458355 458378 459638 460019 460042 461302 461683 461706 462966 450430 452094 453758 455422 457086 458750 460414 462078 471859 472113 472367 450523 452174 453825 455476 457127 458778 460429 471987 472241 472495 450651 452302 453953 455604 457255 458906 460557 472621 472748 472875 473002 473129 473256 473383 473510 473637 473764 473891 450523 452174 453825 455476 457127 458778 460429 472622 472749 472876 473003 473130 473257 473384 473511 473638 473765 473892 450651 452302 453953 455604 457255 458906 460557 472914 450990 472914 473054 452642 473054 473194 454294 473194 473334 455946 473334 473474 457598 473474 473614 459250 473614 473754 460902 473754 473894 462554 473894 474021 474275 474529 450907 452558 454209 455860 457511 459162 460813 474149 474403 474657 451035 452686 454337 455988 457639 459290 460941 474783 474910 475037 475164 475291 475418 475545 475672 475799 475926 476053 450907 452558 454209 455860 457511 459162 460813 474784 474911 475038 475165 475292 475419 475546 475673 475800 475927 476054 451035 452686 454337 455988 457639 459290 460941 475076 451388 475076 475216 453040 475216 475356 454692 475356 475496 456344 475496 475636 457996 475636 475776 459648 475776 475916 461300 475916 476056 462952 476056 476183 476437 476691 451291 452942 454593 456244 457895 459546 461197 476311 476565 476819 451419 453070 454721 456372 458023 459674 461325 476945 477072 477199 477326 477453 477580 477707 477834 477961 478088 478215 451291 452942 454593 456244 457895 459546 461197 476946 477073 477200 477327 477454 477581 477708 477835 477962 478089 478216 451419 453070 454721 456372 458023 459674 461325 477238 451786 477238 477378 453438 477378 477518 455090 477518 477658 456742 477658 477798 458394 477798 477938 460046 477938 478078 461698 478078 478218 463350 478218 451558 448282 451558 453210 448422 453210 454862 448562 454862 456514 448702 456514 458166 448842 458166 459818 448982 459818 461470 449122 461470 463122 449262 463122 447500 447628 447756 447884 448012 447493 447620 447747 447874 448001 463206 443802 463206 463334 443930 463334 463462 444058 463462 463590 444186 463590 463718 444314 463718 463846 444442 463846 443678 443806 443934 444062 444190 444318 4088 441983 3960 441855 3832 441727 3704 441599 3576 441471 3448 639 511 383 255 127 3448 437896 127 3576 438024 255 3704 438152 383 3832 438280 511 3960 438408 639 4088 438536 478198 444682 441556 478326 444810 441684 478454 444938 441812 478582 445066 441940 478710 445194 442068 478838 445322 442196 478941 479195 479449 441349 441476 441603 441730 441857 479086 479340 479594 443653 443780 443907 444034 444161 479703 479830 479957 480084 480211 480338 480465 480592 480719 441349 441476 441603 441730 441857 479721 479848 479975 480102 480229 480356 480483 480610 480737 443653 443780 443907 444034 444161 476649 6039 476649 476777 6167 476777 476905 6295 476905 477033 6423 477033 477161 6551 477161 477289 6679 477289 2309 2436 2563 2690 2817 6680 477416 6680 484328 481304 478132 484456 481432 478260 484584 481560 478388 484712 481688 478516 484840 481816 478644 484968 481944 478772 
479702 6698 2943 479574 6570 2815 479446 6442 2687 479318 6314 2559 479190 6186 2431 479062 6058 2431 2559 2687 2815 2943 6058 482943 6186 483071 6314 483199 6442 483327 6570 483455 6698 
478179 480465 478179 480465 478179 480465 478179 480465 405 478179 479703 478179 479703 405 478179 479703 478179 479703 
478182 480468 478182 480468 478182 480468 478182 480468 408 478182 479706 478182 479706 408 478182 479706 478182 479706 
478185 480471 478185 480471 478185 480471 478185 480471 411 478185 479709 478185 479709 411 478185 479709 478185 479709 
668 478188 668 478188 668 478188 668 478188 2954 478188 2954 478188 2954 478188 2954 478188 
671 478191 671 478191 671 478191 671 478191 2957 478191 2957 478191 2957 478191 2957 478191 
674 478194 674 478194 674 478194 674 478194 2960 478194 2960 478194 2960 478194 2960 478194 81818 442751 81690 442623 81562 442495 81434 442367 81306 442239 81178 78975 78847 78719 78591 78463 81178 439270 78463 81306 439398 78591 81434 439526 78719 81562 439654 78847 81690 439782 78975 81818 439910 4094 442751 3966 442623 3838 442495 3710 442367 3582 442239 3454 639 511 383 255 127 3454 438658 127 3582 438786 255 3710 438914 383 3838 439042 511 3966 439170 639 4094 439298 487070 487198 487326 487454 487582 487710 487429 487556 487683 487810 487937 488186 487430 488186 488314 487558 488314 488442 487686 488442 488570 487814 488570 488698 487942 488698 504071 504065 504325 504321 504579 504577 504833 504833 505087 505089 490097 491749 493401 495053 496705 498357 500009 501661 
490239 491903 493567 495231 496895 498559 500223 501887 505316 505570 505824 490203 491854 493505 495156 496807 498458 500109 505444 505698 505952 490331 491982 493633 495284 496935 498586 500237 506078 506205 506332 506459 506586 506713 506840 506967 507094 507221 507348 490203 491854 493505 495156 496807 498458 500109 506079 506206 506333 506460 506587 506714 506841 506968 507095 507222 507349 490331 491982 493633 495284 496935 498586 500237 506371 490621 506371 506511 492273 506511 506651 493925 506651 506791 495577 506791 506931 497229 506931 507071 498881 507071 507211 500533 507211 507351 502185 507351 490623 492287 493951 495615 497279 498943 500607 502271 507478 507732 507986 490587 492238 493889 495540 497191 498842 500493 507606 507860 508114 490715 492366 494017 495668 497319 498970 500621 508240 508367 508494 508621 508748 508875 509002 509129 509256 509383 509510 490587 492238 493889 495540 497191 498842 500493 508241 508368 508495 508622 508749 508876 509003 509130 509257 509384 509511 490715 492366 494017 495668 497319 498970 500621 508533 491019 508533 508673 492671 508673 508813 494323 508813 508953 495975 508953 509093 497627 509093 509233 499279 509233 509373 500931 509373 509513 502583 509513 491007 492671 494335 495999 497663 499327 500991 502655 509640 509894 510148 490971 492622 494273 495924 497575 499226 500877 509768 510022 510276 491099 492750 494401 496052 497703 499354 501005 510402 510529 510656 510783 510910 511037 511164 511291 511418 511545 511672 490971 492622 494273 495924 497575 499226 500877 510403 510530 510657 510784 510911 511038 511165 511292 511419 511546 511673 491099 492750 494401 496052 497703 499354 501005 510695 491417 510695 510835 493069 510835 510975 494721 510975 511115 496373 511115 511255 498025 511255 511395 499677 511395 511535 501329 511535 511675 502981 511675 
501636 502131 499972 500467 498308 498803 496644 497139 494980 495475 493316 493811 491652 492147 489988 501619 499955 498291 496627 494963 493299 491635 489988 490492 491635 491652 492156 493299 493316 493820 494963 494980 495484 496627 496644 497148 498291 498308 498812 499955 499972 500476 501619 501636 502140 501639 502515 499975 500851 498311 499187 496647 497523 494983 495859 493319 494195 491655 492531 489991 501619 499955 498291 496627 494963 493299 491635 489991 490873 491635 491655 492537 493299 493319 494201 494963 494983 495865 496627 496647 497529 498291 498311 499193 499955 499975 500857 501619 501639 502521 501642 502899 499978 501235 498314 499571 496650 497907 494986 496243 493322 494579 491658 492915 489994 501619 499955 498291 496627 494963 493299 491635 489994 491254 491635 491658 492918 493299 493322 494582 494963 494986 496246 496627 496650 497910 498291 498314 499574 499955 499978 501238 501619 501642 502902 490366 492030 493694 495358 497022 498686 500350 502014 511795 512049 512303 490459 492110 493761 495412 497063 498714 500365 511923 512177 512431 490587 492238 493889 495540 497191 498842 500493 512557 512684 512811 512938 513065 513192 513319 513446 513573 513700 513827 490459 492110 493761 495412 497063 498714 500365 512558 512685 512812 512939 513066 513193 513320 513447 513574 513701 513828 490587 492238 493889 495540 497191 498842 500493 512850 490926 512850 512990 492578 512990 513130 494230 513130 513270 495882 513270 513410 497534 513410 513550 499186 513550 513690 500838 513690 513830 502490 513830 513957 514211 514465 490843 492494 494145 495796 497447 499098 500749 514085 514339 514593 490971 492622 494273 495924 497575 499226 500877 514719 514846 514973 515100 515227 515354 515481 515608 515735 515862 515989 490843 492494 494145 495796 497447 499098 500749 514720 514847 514974 515101 515228 515355 515482 515609 515736 515863 515990 490971 492622 494273 495924 497575 499226 500877 515012 491324 515012 515152 492976 515152 515292 494628 515292 515432 496280 515432 515572 497932 515572 515712 499584 515712 515852 501236 515852 515992 502888 515992 516119 516373 516627 491227 492878 494529 496180 497831 499482 501133 516247 516501 516755 491355 493006 494657 496308 497959 499610 501261 516881 517008 517135 517262 517389 517516 517643 517770 517897 518024 518151 491227 492878 494529 496180 497831 499482 501133 516882 517009 517136 517263 517390 517517 517644 517771 517898 518025 518152 491355 493006 494657 496308 497959 499610 501261 517174 491722 517174 517314 493374 517314 517454 495026 517454 517594 496678 517594 517734 498330 517734 517874 499982 517874 518014 501634 518014 518154 503286 518154 491494 488218 491494 493146 488358 493146 494798 488498 494798 496450 488638 496450 498102 488778 498102 499754 488918 499754 501406 489058 501406 503058 489198 503058 487436 487564 487692 487820 487948 487429 487556 487683 487810 487937 502842 445638 502842 502970 445766 502970 503098 445894 503098 503226 446022 503226 503354 446150 503354 503482 446278 503482 445514 445642 445770 445898 446026 446154 81824 443519 81696 443391 81568 443263 81440 443135 81312 443007 81184 78975 78847 78719 78591 78463 81184 440032 78463 81312 440160 78591 81440 440288 78719 81568 440416 78847 81696 440544 78975 81824 440672 440060 4100 639 439932 3972 511 439804 3844 383 439676 3716 255 439548 3588 127 439420 3460 127 255 383 511 639 3460 443007 3588 443135 3716 443263 3844 443391 3972 443519 4100 517815 518069 518323 442885 443012 443139 443266 443393 517960 518214 518468 445189 445316 445443 445570 445697 518577 518704 518831 518958 519085 519212 519339 519466 519593 442885 443012 443139 443266 443393 518595 518722 518849 518976 519103 519230 519357 519484 519611 445189 445316 445443 445570 445697 518977 446527 518977 519105 446655 519105 519233 446783 519233 519361 446911 519361 519489 447039 519489 519617 447167 519617 445957 446084 446211 446338 446465 447168 519744 447168 519866 520375 520884 521393 521902 525798 525951 526052 526207 526306 526463 526560 526719 526814 526975 524798 524540 524286 524028 523774 523516 523262 523004 522750 522492 522238 521980 521726 521468 521214 520956 520702 524796 524284 523772 523260 522748 522236 521724 521212 520702 520450 521212 521214 520962 521724 521726 521474 522236 522238 521986 522748 522750 522498 523260 523262 523010 523772 523774 523522 524284 524286 524034 524796 524798 524546 538550 538804 539058 539312 527120 527374 527628 527882 528136 528390 528644 528898 538641 538895 539149 539403 520480 520988 521496 522004 522512 523020 523528 524036 539566 539693 539820 539947 540074 540201 540328 540455 540582 540709 540836 540963 541090 527120 527374 527628 527882 528136 528390 528644 528898 539530 539657 539784 539911 540038 540165 540292 540419 540546 540673 540800 540927 541054 520480 520988 521496 522004 522512 523020 523528 524036 540076 529492 540076 540205 529747 540205 540334 530002 540334 540463 530257 540463 540592 530512 540592 540721 530767 540721 540850 531022 540850 540979 531277 540979 541108 531532 541108 541235 541489 541743 541997 529424 529678 529932 530186 530440 530694 530948 531202 541308 541562 541816 542070 520480 520988 521496 522004 522512 523020 523528 524036 542251 542378 542505 542632 542759 542886 543013 543140 543267 543394 543521 543648 543775 529424 529678 529932 530186 530440 530694 530948 531202 542197 542324 542451 542578 542705 542832 542959 543086 543213 543340 543467 543594 543721 520480 520988 521496 522004 522512 523020 523528 524036 542761 531799 542761 542890 532054 542890 543019 532309 543019 543148 532564 543148 543277 532819 543277 543406 533074 543406 543535 533329 543535 543664 533584 543664 543793 533839 543793 543920 544174 544428 544682 531728 531982 532236 532490 532744 532998 533252 533506 543975 544229 544483 544737 520480 520988 521496 522004 522512 523020 523528 524036 544936 545063 545190 545317 545444 545571 545698 545825 545952 546079 546206 546333 546460 531728 531982 532236 532490 532744 532998 533252 533506 544864 544991 545118 545245 545372 545499 545626 545753 545880 546007 546134 546261 546388 520480 520988 521496 522004 522512 523020 523528 524036 545446 534106 545446 545575 534361 545575 545704 534616 545704 545833 534871 545833 545962 535126 545962 546091 535381 546091 546220 535636 546220 546349 535891 546349 546478 536146 546478 546605 546859 547113 547367 534032 534286 534540 534794 535048 535302 535556 535810 546642 546896 547150 547404 520480 520988 521496 522004 522512 523020 523528 524036 547621 547748 547875 548002 548129 548256 548383 548510 548637 548764 548891 549018 549145 534032 534286 534540 534794 535048 535302 535556 535810 547531 547658 547785 547912 548039 548166 548293 548420 548547 548674 548801 548928 549055 520480 520988 521496 522004 522512 523020 523528 524036 548131 536413 548131 548260 536668 548260 548389 536923 548389 548518 537178 548518 548647 537433 548647 548776 537688 548776 548905 537943 548905 549034 538198 549034 549163 538453 549163 549236 549490 549744 549998 529424 529678 529932 530186 530440 530694 530948 531202 549364 549618 549872 550126 529552 529806 530060 530314 530568 530822 531076 531330 550252 550379 550506 550633 550760 550887 551014 551141 551268 551395 551522 551649 551776 529424 529678 529932 530186 530440 530694 530948 531202 550253 550380 550507 550634 550761 550888 551015 551142 551269 551396 551523 551650 551777 529552 529806 530060 530314 530568 530822 531076 531330 550674 520686 550674 550805 521195 550805 550936 521704 550936 551067 522213 551067 551198 522722 551198 551329 523231 551329 551460 523740 551460 551591 524249 551591 551722 524758 551722 529338 520518 529338 529596 521028 529596 529854 521538 529854 530112 522048 530112 530370 522558 530370 530628 523068 530628 530886 523578 530886 531144 524088 531144 531402 524598 531402 551921 552175 552429 552683 531728 531982 532236 532490 532744 532998 533252 533506 552049 552303 552557 552811 531856 532110 532364 532618 532872 533126 533380 533634 552937 553064 553191 553318 553445 553572 553699 553826 553953 554080 554207 554334 554461 531728 531982 532236 532490 532744 532998 533252 533506 552938 553065 553192 553319 553446 553573 553700 553827 553954 554081 554208 554335 554462 531856 532110 532364 532618 532872 533126 533380 533634 553341 520707 553341 553472 521216 553472 553603 521725 553603 553734 522234 553734 553865 522743 553865 553996 523252 553996 554127 523761 554127 554258 524270 554258 554389 524779 554389 531624 520536 531624 531882 521046 531882 532140 521556 532140 532398 522066 532398 532656 522576 532656 532914 523086 532914 533172 523596 533172 533430 524106 533430 533688 524616 533688 554606 554860 555114 555368 534032 534286 534540 534794 535048 535302 535556 535810 554734 554988 555242 555496 534160 534414 534668 534922 535176 535430 535684 535938 555622 555749 555876 556003 556130 556257 556384 556511 556638 556765 556892 557019 557146 534032 534286 534540 534794 535048 535302 535556 535810 555623 555750 555877 556004 556131 556258 556385 556512 556639 556766 556893 557020 557147 534160 534414 534668 534922 535176 535430 535684 535938 556008 520728 556008 556139 521237 556139 556270 521746 556270 556401 522255 556401 556532 522764 556532 556663 523273 556663 556794 523782 556794 556925 524291 556925 557056 524800 557056 533910 520554 533910 534168 521064 534168 534426 521574 534426 534684 522084 534684 534942 522594 534942 535200 523104 535200 535458 523614 535458 535716 524124 535716 535974 524634 535974 557291 557545 557799 558053 536336 536590 536844 537098 537352 537606 537860 538114 557419 557673 557927 558181 536464 536718 536972 537226 537480 537734 537988 538242 558307 558434 558561 558688 558815 558942 559069 559196 559323 559450 559577 559704 559831 536336 536590 536844 537098 537352 537606 537860 538114 558308 558435 558562 558689 558816 558943 559070 559197 559324 559451 559578 559705 559832 536464 536718 536972 537226 537480 537734 537988 538242 558675 520749 558675 558806 521258 558806 558937 521767 558937 559068 522276 559068 559199 522785 559199 559330 523294 559330 559461 523803 559461 559592 524312 559592 559723 524821 559723 536196 520572 536196 536454 521082 536454 536712 521592 536712 536970 522102 536970 537228 522612 537228 537486 523122 537486 537744 523632 537744 538002 524142 538002 538260 524652 538260 520449 520575 520449 520961 521087 520961 521473 521599 521473 521985 522111 521985 522497 522623 522497 523009 523135 523009 523521 523647 523521 524033 524159 524033 524545 524671 524545 524598 531402 531454 524088 531144 531198 523578 530886 530942 523068 530628 530686 522558 530370 530430 522048 530112 530174 521538 529854 529918 521028 529596 529662 520518 529338 529662 529918 530174 530430 530686 530942 531198 531454 529338 520956 529596 521468 529854 521980 530112 522492 530370 523004 530628 523516 530886 524028 531144 524540 531402 524616 533688 533758 524106 533430 533502 523596 533172 533246 523086 532914 532990 522576 532656 532734 522066 532398 532478 521556 532140 532222 521046 531882 531966 520536 531624 531966 532222 532478 532734 532990 533246 533502 533758 531624 520956 531882 521468 532140 521980 532398 522492 532656 523004 532914 523516 533172 524028 533430 524540 533688 524634 535974 536062 524124 535716 535806 523614 535458 535550 523104 535200 535294 522594 534942 535038 522084 534684 534782 521574 534426 534526 521064 534168 534270 520554 533910 534270 534526 534782 535038 535294 535550 535806 536062 533910 520956 534168 521468 534426 521980 534684 522492 534942 523004 535200 523516 535458 524028 535716 524540 535974 524652 538260 538366 524142 538002 538110 523632 537744 537854 523122 537486 537598 522612 537228 537342 522102 536970 537086 521592 536712 536830 521082 536454 536574 520572 536196 536574 536830 537086 537342 537598 537854 538110 538366 536196 520956 536454 521468 536712 521980 536970 522492 537228 523004 537486 523516 537744 524028 538002 524540 538260 529246 524924 531528 524412 531270 523900 531012 523388 530754 522876 530496 522364 530238 521852 529980 521340 529722 529298 531582 531326 531070 530814 530558 530302 530046 529722 520902 530046 529980 521412 530302 530238 521922 530558 530496 522432 530814 530754 522942 531070 531012 523452 531326 531270 523962 531582 531528 524472 529298 529246 524962 529246 524924 528988 524412 533810 523900 533552 523388 533294 522876 533036 522364 532778 521852 532520 521340 532262 529278 529062 533886 533630 533374 533118 532862 532606 532262 520922 532606 532520 521432 532862 532778 521942 533118 533036 522452 533374 533294 522962 533630 533552 523472 533886 533810 523982 529062 
536092 523388 535834 522876 535576 522364 535318 521852 535060 521340 534802 529278 529022 528826 536190 535934 535678 535422 535166 534802 520942 535166 535060 521452 535422 535318 521962 535678 535576 522472 535934 535834 522982 536190 536092 523492 528826 528730 523942 529022 
528472 523388 538374 522876 538116 522364 537858 521852 537600 521340 537342 529278 529022 528766 528590 538494 538238 537982 537726 537342 520962 537726 537600 521472 537982 537858 521982 538238 538116 522492 538494 538374 523002 528590 528472 523432 528766 528730 523942 529022 528988 524452 529278 529246 524962 
524444 447332 524444 524572 447460 524572 524700 447588 524700 524828 447716 524828 524956 447844 524956 525084 447972 525084 447308 447439 447570 447701 447832 447963 234254 447359 234126 447231 233998 447103 233870 446975 233742 446847 233614 232575 232447 232319 232191 232063 233614 445042 232063 233742 445170 232191 233870 445298 232319 233998 445426 232447 234126 445554 232575 234254 445682 
718608 724450 724704 724958 725212 725466 710480 712131 713782 715433 717084 718735 720386 722037 
879644 885486 885740 885994 886248 886502 871516 873167 874818 876469 878120 879771 881422 883073 
1941740 1947582 1947836 1948090 1948344 1948598 1933612 1935263 1936914 1938565 1940216 1941867 1943518 1945169 
2102776 2108618 2108872 2109126 2109380 2109634 2094648 2096299 2097950 2099601 2101252 2102903 2104554 2106205 
3164872 3170714 3170968 3171222 3171476 3171730 3156744 3158395 3160046 3161697 3163348 3164999 3166650 3168301 
3325908 3331750 3332004 3332258 3332512 3332766 3317780 3319431 3321082 3322733 3324384 3326035 3327686 3329337 
97949 4226807 338825 305586 4226935 338953 305714 4227063 339081 305842 4227191 339209 305970 4227319 339337 306098 4227447 339465 306226 4227575 339593 306948 4227703 339721 307076 4227831 339849 307204 4227959 339977 307332 4228087 340105 307460 4228215 340233 307588 4228343 340361 308310 4228471 340489 308438 4228599 340617 308566 4228727 340745 308694 4228855 340873 308822 4228983 341001 308950 4229111 341129 309672 4229239 341257 309800 4229367 341385 309928 4229495 341513 310056 4229623 341641 310184 4229751 341769 310312 4289110 4283818 4250315 4289238 4283946 4250443 4289366 4284074 4250571 4289494 4284202 4250699 4289622 4284330 4250827 4289750 4284458 4250955 4289878 4284586 4251076 4290006 4284714 4251204 4290134 4284842 4251332 4290262 4284970 4251460 4290390 4285098 4251588 4290518 4285226 4251716 4290646 4285354 4251838 4290774 4285482 4251966 4290902 4285610 4252094 4291030 4285738 4252222 4291158 4285866 4252350 4291286 4285994 4252478 4291414 4286122 4252601 4291542 4286250 4252729 4291670 4286378 4252857 4291798 4286506 4252985 4291926 4286634 4253113 4292054 4286762 4253241 
4270275 4276117 4276371 4276625 4276879 4277133 4262147 4263798 4265449 4267100 4268751 4270402 4272053 4273704 
4309776 4315618 4315872 4316126 4316380 4316634 4301648 4303299 4304950 4306601 4308252 4309903 4311554 4313205 
4349277 4355119 4355373 4355627 4355881 4356135 4341149 4342800 4344451 4346102 4347753 4349404 4351055 4352706 
4410529 4269535 4268536 4410657 4269663 4268664 4410785 4269791 4268792 4410913 4269919 4268920 4411041 4270047 4269048 4411169 4270175 4269176 4411297 4270303 4269304 4411425 4270431 4269432 4411553 4270559 4269560 4411681 4270687 4269688 4411809 4270815 4269816 4411937 4270943 4269944 4412089 4274119 4239647 4412217 4274247 4239772 4412345 4274375 4239902 4412473 4274503 4240030 4412601 4274631 4240158 4412729 4274759 4240286 4412851 4412979 4413107 4413235 4413363 4413491 4413957 4414084 4414211 4414338 4414465 4414714 4413958 4414714 4414842 4414086 4414842 4414970 4414214 4414970 4415098 4414342 4415098 4415226 4414470 4415226 4430599 4430593 4430853 4430849 4431107 4431105 4431361 4431361 4431615 4431617 4416625 4418277 4419929 4421581 4423233 4424885 4426537 4428189 
4416767 4418431 4420095 4421759 4423423 4425087 4426751 4428415 4431844 4432098 4432352 4416731 4418382 4420033 4421684 4423335 4424986 4426637 4431972 4432226 4432480 4416859 4418510 4420161 4421812 4423463 4425114 4426765 4432606 4432733 4432860 4432987 4433114 4433241 4433368 4433495 4433622 4433749 4433876 4416731 4418382 4420033 4421684 4423335 4424986 4426637 4432607 4432734 4432861 4432988 4433115 4433242 4433369 4433496 4433623 4433750 4433877 4416859 4418510 4420161 4421812 4423463 4425114 4426765 4432899 4417149 4432899 4433039 4418801 4433039 4433179 4420453 4433179 4433319 4422105 4433319 4433459 4423757 4433459 4433599 4425409 4433599 4433739 4427061 4433739 4433879 4428713 4433879 4417151 4418815 4420479 4422143 4423807 4425471 4427135 4428799 4434006 4434260 4434514 4417115 4418766 4420417 4422068 4423719 4425370 4427021 4434134 4434388 4434642 4417243 4418894 4420545 4422196 4423847 4425498 4427149 4434768 4434895 4435022 4435149 4435276 4435403 4435530 4435657 4435784 4435911 4436038 4417115 4418766 4420417 4422068 4423719 4425370 4427021 4434769 4434896 4435023 4435150 4435277 4435404 4435531 4435658 4435785 4435912 4436039 4417243 4418894 4420545 4422196 4423847 4425498 4427149 4435061 4417547 4435061 4435201 4419199 4435201 4435341 4420851 4435341 4435481 4422503 4435481 4435621 4424155 4435621 4435761 4425807 4435761 4435901 4427459 4435901 4436041 4429111 4436041 4417535 4419199 4420863 4422527 4424191 4425855 4427519 4429183 4436168 4436422 4436676 4417499 4419150 4420801 4422452 4424103 4425754 4427405 4436296 4436550 4436804 4417627 4419278 4420929 4422580 4424231 4425882 4427533 4436930 4437057 4437184 4437311 4437438 4437565 4437692 4437819 4437946 4438073 4438200 4417499 4419150 4420801 4422452 4424103 4425754 4427405 4436931 4437058 4437185 4437312 4437439 4437566 4437693 4437820 4437947 4438074 4438201 4417627 4419278 4420929 4422580 4424231 4425882 4427533 4437223 4417945 4437223 4437363 4419597 4437363 4437503 4421249 4437503 4437643 4422901 4437643 4437783 4424553 4437783 4437923 4426205 4437923 4438063 4427857 4438063 4438203 4429509 4438203 
4428164 4428659 4426500 4426995 4424836 4425331 4423172 4423667 4421508 4422003 4419844 4420339 4418180 4418675 4416516 4428147 4426483 4424819 4423155 4421491 4419827 4418163 4416516 4417020 4418163 4418180 4418684 4419827 4419844 4420348 4421491 4421508 4422012 4423155 4423172 4423676 4424819 4424836 4425340 4426483 4426500 4427004 4428147 4428164 4428668 4428167 4429043 4426503 4427379 4424839 4425715 4423175 4424051 4421511 4422387 4419847 4420723 4418183 4419059 4416519 4428147 4426483 4424819 4423155 4421491 4419827 4418163 4416519 4417401 4418163 4418183 4419065 4419827 4419847 4420729 4421491 4421511 4422393 4423155 4423175 4424057 4424819 4424839 4425721 4426483 4426503 4427385 4428147 4428167 4429049 4428170 4429427 4426506 4427763 4424842 4426099 4423178 4424435 4421514 4422771 4419850 4421107 4418186 4419443 4416522 4428147 4426483 4424819 4423155 4421491 4419827 4418163 4416522 4417782 4418163 4418186 4419446 4419827 4419850 4421110 4421491 4421514 4422774 4423155 4423178 4424438 4424819 4424842 4426102 4426483 4426506 4427766 4428147 4428170 4429430 4416894 4418558 4420222 4421886 4423550 4425214 4426878 4428542 4438323 4438577 4438831 4416987 4418638 4420289 4421940 4423591 4425242 4426893 4438451 4438705 4438959 4417115 4418766 4420417 4422068 4423719 4425370 4427021 4439085 4439212 4439339 4439466 4439593 4439720 4439847 4439974 4440101 4440228 4440355 4416987 4418638 4420289 4421940 4423591 4425242 4426893 4439086 4439213 4439340 4439467 4439594 4439721 4439848 4439975 4440102 4440229 4440356 4417115 4418766 4420417 4422068 4423719 4425370 4427021 4439378 4417454 4439378 4439518 4419106 4439518 4439658 4420758 4439658 4439798 4422410 4439798 4439938 4424062 4439938 4440078 4425714 4440078 4440218 4427366 4440218 4440358 4429018 4440358 4440485 4440739 4440993 4417371 4419022 4420673 4422324 4423975 4425626 4427277 4440613 4440867 4441121 4417499 4419150 4420801 4422452 4424103 4425754 4427405 4441247 4441374 4441501 4441628 4441755 4441882 4442009 4442136 4442263 4442390 4442517 4417371 4419022 4420673 4422324 4423975 4425626 4427277 4441248 4441375 4441502 4441629 4441756 4441883 4442010 4442137 4442264 4442391 4442518 4417499 4419150 4420801 4422452 4424103 4425754 4427405 4441540 4417852 4441540 4441680 4419504 4441680 4441820 4421156 4441820 4441960 4422808 4441960 4442100 4424460 4442100 4442240 4426112 4442240 4442380 4427764 4442380 4442520 4429416 4442520 4442647 4442901 4443155 4417755 4419406 4421057 4422708 4424359 4426010 4427661 4442775 4443029 4443283 4417883 4419534 4421185 4422836 4424487 4426138 4427789 4443409 4443536 4443663 4443790 4443917 4444044 4444171 4444298 4444425 4444552 4444679 4417755 4419406 4421057 4422708 4424359 4426010 4427661 4443410 4443537 4443664 4443791 4443918 4444045 4444172 4444299 4444426 4444553 4444680 4417883 4419534 4421185 4422836 4424487 4426138 4427789 4443702 4418250 4443702 4443842 4419902 4443842 4443982 4421554 4443982 4444122 4423206 4444122 4444262 4424858 4444262 4444402 4426510 4444402 4444542 4428162 4444542 4444682 4429814 4444682 4418022 4414746 4418022 4419674 4414886 4419674 4421326 4415026 4421326 4422978 4415166 4422978 4424630 4415306 4424630 4426282 4415446 4426282 4427934 4415586 4427934 4429586 4415726 4429586 4413964 4414092 4414220 4414348 4414476 4413957 4414084 4414211 4414338 4414465 4428605 4275011 4428605 4428733 4275139 4428733 4428861 4275267 4428861 4428989 4275395 4428989 4429117 4275523 4429117 4429245 4275651 4429245 4274887 4275015 4275143 4275271 4275399 4275527 112521 4275199 112393 4275071 112265 4274943 112137 4274815 112009 4274687 111881 79743 79615 79487 79359 79231 111881 4241783 79231 112009 4241911 79359 112137 4242039 79487 112265 4242167 79615 112393 4242295 79743 112521 4242423 340359 4275199 340231 4275071 340103 4274943 339975 4274815 339847 4274687 339719 309375 309247 309119 308991 308863 339719 4243577 308863 339847 4243705 308991 339975 4243833 309119 340103 4243961 309247 340231 4244089 309375 340359 4244217 4443602 4443856 4444110 4274565 4274692 4274819 4274946 4275073 4443723 4443977 4444231 4273797 4273924 4274051 4274178 4274305 4444364 4444491 4444618 4444745 4444872 4444999 4445126 4445253 4445380 4274565 4274692 4274819 4274946 4275073 4444358 4444485 4444612 4444739 4444866 4444993 4445120 4445247 4445374 4273797 4273924 4274051 4274178 4274305 4444746 4276662 4444746 4444874 4276790 4444874 4445002 4276918 4445002 4445130 4277046 4445130 4445258 4277174 4445258 4445386 4277302 4445386 4452182 4446890 4412118 4452310 4447018 4412246 4452438 4447146 4412374 4452566 4447274 4412502 4452694 4447402 4412630 4452822 4447530 4412758 4452950 4447658 4412875 4453078 4447786 4413007 4453206 4447914 4413135 4453334 4448042 4413263 4453462 4448170 4413391 4453590 4448298 4413519 4453718 4448426 4413637 4453846 4448554 4413769 4453974 4448682 4413897 4454102 4448810 4414025 4454230 4448938 4414153 4454358 4449066 4414281 4454486 4449194 4414404 4454614 4449322 4414532 4454742 4449450 4414660 4454870 4449578 4414788 4454998 4449706 4414916 4455126 4449834 4415044 
4432085 4437927 4438181 4438435 4438689 4438943 4423957 4425608 4427259 4428910 4430561 4432212 4433863 4435514 
4471586 4477428 4477682 4477936 4478190 4478444 4463458 4465109 4466760 4468411 4470062 4471713 4473364 4475015 
4511087 4516929 4517183 4517437 4517691 4517945 4502959 4504610 4506261 4507912 4509563 4511214 4512865 4514516 
4572345 4273095 4272096 4572473 4273223 4272224 4572601 4273351 4272352 4572729 4273479 4272480 4572857 4273607 4272608 4572985 4273735 4272736 4573113 4273863 4272864 4573241 4273991 4272992 4573369 4274119 4273120 4573497 4274247 4273248 4573625 4274375 4273376 4573753 4274503 4273504 4573863 4573991 4574119 4574247 4574375 4574503 4576261 4576388 4576515 4576642 4576769 4577018 4576262 4577018 4577146 4576390 4577146 4577274 4576518 4577274 4577402 4576646 4577402 4577530 4576774 4577530 4592903 4592897 4593157 4593153 4593411 4593409 4593665 4593665 4593919 4593921 4578929 4580581 4582233 4583885 4585537 4587189 4588841 4590493 
4579071 4580735 4582399 4584063 4585727 4587391 4589055 4590719 4594148 4594402 4594656 4579035 4580686 4582337 4583988 4585639 4587290 4588941 4594276 4594530 4594784 4579163 4580814 4582465 4584116 4585767 4587418 4589069 4594910 4595037 4595164 4595291 4595418 4595545 4595672 4595799 4595926 4596053 4596180 4579035 4580686 4582337 4583988 4585639 4587290 4588941 4594911 4595038 4595165 4595292 4595419 4595546 4595673 4595800 4595927 4596054 4596181 4579163 4580814 4582465 4584116 4585767 4587418 4589069 4595203 4579453 4595203 4595343 4581105 4595343 4595483 4582757 4595483 4595623 4584409 4595623 4595763 4586061 4595763 4595903 4587713 4595903 4596043 4589365 4596043 4596183 4591017 4596183 4579455 4581119 4582783 4584447 4586111 4587775 4589439 4591103 4596310 4596564 4596818 4579419 4581070 4582721 4584372 4586023 4587674 4589325 4596438 4596692 4596946 4579547 4581198 4582849 4584500 4586151 4587802 4589453 4597072 4597199 4597326 4597453 4597580 4597707 4597834 4597961 4598088 4598215 4598342 4579419 4581070 4582721 4584372 4586023 4587674 4589325 4597073 4597200 4597327 4597454 4597581 4597708 4597835 4597962 4598089 4598216 4598343 4579547 4581198 4582849 4584500 4586151 4587802 4589453 4597365 4579851 4597365 4597505 4581503 4597505 4597645 4583155 4597645 4597785 4584807 4597785 4597925 4586459 4597925 4598065 4588111 4598065 4598205 4589763 4598205 4598345 4591415 4598345 4579839 4581503 4583167 4584831 4586495 4588159 4589823 4591487 4598472 4598726 4598980 4579803 4581454 4583105 4584756 4586407 4588058 4589709 4598600 4598854 4599108 4579931 4581582 4583233 4584884 4586535 4588186 4589837 4599234 4599361 4599488 4599615 4599742 4599869 4599996 4600123 4600250 4600377 4600504 4579803 4581454 4583105 4584756 4586407 4588058 4589709 4599235 4599362 4599489 4599616 4599743 4599870 4599997 4600124 4600251 4600378 4600505 4579931 4581582 4583233 4584884 4586535 4588186 4589837 4599527 4580249 4599527 4599667 4581901 4599667 4599807 4583553 4599807 4599947 4585205 4599947 4600087 4586857 4600087 4600227 4588509 4600227 4600367 4590161 4600367 4600507 4591813 4600507 
4590468 4590963 4588804 4589299 4587140 4587635 4585476 4585971 4583812 4584307 4582148 4582643 4580484 4580979 4578820 4590451 4588787 4587123 4585459 4583795 4582131 4580467 4578820 4579324 4580467 4580484 4580988 4582131 4582148 4582652 4583795 4583812 4584316 4585459 4585476 4585980 4587123 4587140 4587644 4588787 4588804 4589308 4590451 4590468 4590972 4590471 4591347 4588807 4589683 4587143 4588019 4585479 4586355 4583815 4584691 4582151 4583027 4580487 4581363 4578823 4590451 4588787 4587123 4585459 4583795 4582131 4580467 4578823 4579705 4580467 4580487 4581369 4582131 4582151 4583033 4583795 4583815 4584697 4585459 4585479 4586361 4587123 4587143 4588025 4588787 4588807 4589689 4590451 4590471 4591353 4590474 4591731 4588810 4590067 4587146 4588403 4585482 4586739 4583818 4585075 4582154 4583411 4580490 4581747 4578826 4590451 4588787 4587123 4585459 4583795 4582131 4580467 4578826 4580086 4580467 4580490 4581750 4582131 4582154 4583414 4583795 4583818 4585078 4585459 4585482 4586742 4587123 4587146 4588406 4588787 4588810 4590070 4590451 4590474 4591734 4579198 4580862 4582526 4584190 4585854 4587518 4589182 4590846 4600627 4600881 4601135 4579291 4580942 4582593 4584244 4585895 4587546 4589197 4600755 4601009 4601263 4579419 4581070 4582721 4584372 4586023 4587674 4589325 4601389 4601516 4601643 4601770 4601897 4602024 4602151 4602278 4602405 4602532 4602659 4579291 4580942 4582593 4584244 4585895 4587546 4589197 4601390 4601517 4601644 4601771 4601898 4602025 4602152 4602279 4602406 4602533 4602660 4579419 4581070 4582721 4584372 4586023 4587674 4589325 4601682 4579758 4601682 4601822 4581410 4601822 4601962 4583062 4601962 4602102 4584714 4602102 4602242 4586366 4602242 4602382 4588018 4602382 4602522 4589670 4602522 4602662 4591322 4602662 4602789 4603043 4603297 4579675 4581326 4582977 4584628 4586279 4587930 4589581 4602917 4603171 4603425 4579803 4581454 4583105 4584756 4586407 4588058 4589709 4603551 4603678 4603805 4603932 4604059 4604186 4604313 4604440 4604567 4604694 4604821 4579675 4581326 4582977 4584628 4586279 4587930 4589581 4603552 4603679 4603806 4603933 4604060 4604187 4604314 4604441 4604568 4604695 4604822 4579803 4581454 4583105 4584756 4586407 4588058 4589709 4603844 4580156 4603844 4603984 4581808 4603984 4604124 4583460 4604124 4604264 4585112 4604264 4604404 4586764 4604404 4604544 4588416 4604544 4604684 4590068 4604684 4604824 4591720 4604824 4604951 4605205 4605459 4580059 4581710 4583361 4585012 4586663 4588314 4589965 4605079 4605333 4605587 4580187 4581838 4583489 4585140 4586791 4588442 4590093 4605713 4605840 4605967 4606094 4606221 4606348 4606475 4606602 4606729 4606856 4606983 4580059 4581710 4583361 4585012 4586663 4588314 4589965 4605714 4605841 4605968 4606095 4606222 4606349 4606476 4606603 4606730 4606857 4606984 4580187 4581838 4583489 4585140 4586791 4588442 4590093 4606006 4580554 4606006 4606146 4582206 4606146 4606286 4583858 4606286 4606426 4585510 4606426 4606566 4587162 4606566 4606706 4588814 4606706 4606846 4590466 4606846 4606986 4592118 4606986 4580326 4577050 4580326 4581978 4577190 4581978 4583630 4577330 4583630 4585282 4577470 4585282 4586934 4577610 4586934 4588586 4577750 4588586 4590238 4577890 4590238 4591890 4578030 4591890 4576268 4576396 4576524 4576652 4576780 4576261 4576388 4576515 4576642 4576769 4589659 4278565 4589659 4589787 4278693 4589787 4589915 4278821 4589915 4590043 4278949 4590043 4590171 4279077 4590171 4590299 4279205 4590299 4278441 4278569 4278697 4278825 4278953 4279081 4604656 4604910 4605164 4276869 4276996 4277123 4277250 4277377 4604729 4604983 4605237 4269957 4270084 4270211 4270338 4270465 4605418 4605545 4605672 4605799 4605926 4606053 4606180 4606307 4606434 4276869 4276996 4277123 4277250 4277377 4605364 4605491 4605618 4605745 4605872 4605999 4606126 4606253 4606380 4269957 4270084 4270211 4270338 4270465 4605830 4284026 4605830 4605958 4284154 4605958 4606086 4284282 4606086 4606214 4284410 4606214 4606342 4284538 4606342 4606470 4284666 4606470 4606597 4606851 4607105 4281477 4281604 4281731 4281858 4281985 4606634 4606888 4607142 4269957 4270084 4270211 4270338 4270465 4607359 4607486 4607613 4607740 4607867 4607994 4608121 4608248 4608375 4281477 4281604 4281731 4281858 4281985 4607269 4607396 4607523 4607650 4607777 4607904 4608031 4608158 4608285 4269957 4270084 4270211 4270338 4270465 4607573 4263467 4607573 4607701 4263595 4607701 4607829 4263723 4607829 4607957 4263851 4607957 4608085 4263979 4608085 4608213 4264107 4608213 34095 4282879 33967 4282751 33839 4282623 33711 4282495 33583 4282367 33455 639 511 383 255 127 33455 4248785 127 33583 4248913 255 33711 4249041 383 33839 4249169 511 33967 4249297 639 34095 4249425 4608508 4608762 4609016 4282245 4282372 4282499 4282626 4282753 4608569 4608823 4609077 4273797 4273924 4274051 4274178 4274305 4609270 4609397 4609524 4609651 4609778 4609905 4610032 4610159 4610286 4282245 4282372 4282499 4282626 4282753 4609204 4609331 4609458 4609585 4609712 4609839 4609966 4610093 4610220 4273797 4273924 4274051 4274178 4274305 4609652 4285580 4609652 4609780 4285708 4609780 4609908 4285836 4609908 4610036 4285964 4610036 4610164 4286092 4610164 4610292 4286220 4610292 4279754 4272895 4279626 4272767 4279498 4272639 4279370 4272511 4279242 4272383 4279114 4279807 4279679 4279551 4279423 4279295 4279114 4272310 4279295 4279242 4272438 4279423 4279370 4272566 4279551 4279498 4272694 4279679 4279626 4272822 4279807 4279754 4272950 4281278 4272895 4281150 4272767 4281022 4272639 4280894 4272511 4280766 4272383 4280638 4281343 4281215 4281087 4280959 4280831 4280638 4272322 4280831 4280766 4272450 4280959 4280894 4272578 4281087 4281022 4272706 4281215 4281150 4272834 4281343 4281278 4272962 4283564 4272895 4283436 4272767 4283308 4272639 4283180 4272511 4283052 4272383 4282924 4283647 4283519 4283391 4283263 4283135 4282924 4272340 4283135 4283052 4272468 4283263 4283180 4272596 4283391 4283308 4272724 4283519 4283436 4272852 4283647 4283564 4272980 4610246 4264250 4261588 4610374 4264378 4261716 4610502 4264506 4261844 4610630 4264634 4261972 4610758 4264762 4262100 4610886 4264890 4262228 
4280432 4262143 4280304 4262015 4280176 4261887 4280048 4261759 4279920 4261631 4279792 4280575 4280447 4280319 4280191 4280063 4279792 4261648 4280063 4279920 4261776 4280191 4280048 4261904 4280319 4280176 4262032 4280447 4280304 4262160 4280575 4280432 4262288 
4611014 4265018 4262332 4611142 4265146 4262460 4611270 4265274 4262588 4611398 4265402 4262716 4611526 4265530 4262844 4611654 4265658 4262972 
1071 315396 4231187 315396 4231187 1071 315396 4231187 315396 4231187 1071 4231187 315396 4231187 315396 1071 4231187 315396 4231187 315396 
1137 315462 4231253 315462 4231253 1137 315462 4231253 315462 4231253 1137 4231253 315462 4231253 315462 1137 4231253 315462 4231253 315462 
1203 315528 4231319 315528 4231319 1203 315528 4231319 315528 4231319 1203 4231319 315528 4231319 315528 1203 4231319 315528 4231319 315528 
5350382 5356224 5356478 5356732 5356986 5357240 5342254 5343905 5345556 5347207 5348858 5350509 5352160 5353811 
132333 5390006 5395848 5396102 5396356 5396610 5396864 5381878 5383529 5385180 5386831 5388482 5390133 5391784 5393435 5414771 5419851 5422264 5417311 5417565 5417819 5418073 5418327 5411977 5412485 5412993 5413501 5414009 5414517 5415025 5415533 5416041 5424296 5426328 5425820 5428614 
5524694 5519402 5476246 5524822 5519530 5476374 5524950 5519658 5476502 5525078 5519786 5476630 5525206 5519914 5476758 5525334 5520042 5476886 5525462 5520170 5477007 5525590 5520298 5477135 5525718 5520426 5477263 5525846 5520554 5477391 5525974 5520682 5477519 5526102 5520810 5477647 5526230 5520938 5477769 5526358 5521066 5477897 5526486 5521194 5478025 5526614 5521322 5478153 5526742 5521450 5478281 5526870 5521578 5478409 5526998 5521706 5478532 5527126 5521834 5478660 5527254 5521962 5478788 5527382 5522090 5478916 5527510 5522218 5479044 5527638 5522346 5479172 
5496455 5502297 5502551 5502805 5503059 5503313 5488327 5489978 5491629 5493280 5494931 5496582 5498233 5499884 
5535956 5541798 5542052 5542306 5542560 5542814 5527828 5529479 5531130 5532781 5534432 5536083 5537734 5539385 
5575457 5581299 5581553 5581807 5582061 5582315 5567329 5568980 5570631 5572282 5573933 5575584 5577235 5578886 
5646113 5505119 5504120 5646241 5505247 5504248 5646369 5505375 5504376 5646497 5505503 5504504 5646625 5505631 5504632 5646753 5505759 5504760 5646881 5505887 5504888 5647009 5506015 5505016 5647137 5506143 5505144 5647265 5506271 5505272 5647393 5506399 5505400 5647521 5506527 5505528 5647673 5509703 5465578 5647801 5509831 5465703 5647929 5509959 5465833 5648057 5510087 5465961 5648185 5510215 5466089 5648313 5510343 5466217 5648435 5648563 5648691 5648819 5648947 5649075 5649541 5649668 5649795 5649922 5650049 5650298 5649542 5650298 5650426 5649670 5650426 5650554 5649798 5650554 5650682 5649926 5650682 5650810 5650054 5650810 5666183 5666177 5666437 5666433 5666691 5666689 5666945 5666945 5667199 5667201 5652209 5653861 5655513 5657165 5658817 5660469 5662121 5663773 
5652351 5654015 5655679 5657343 5659007 5660671 5662335 5663999 5667428 5667682 5667936 5652315 5653966 5655617 5657268 5658919 5660570 5662221 5667556 5667810 5668064 5652443 5654094 5655745 5657396 5659047 5660698 5662349 5668190 5668317 5668444 5668571 5668698 5668825 5668952 5669079 5669206 5669333 5669460 5652315 5653966 5655617 5657268 5658919 5660570 5662221 5668191 5668318 5668445 5668572 5668699 5668826 5668953 5669080 5669207 5669334 5669461 5652443 5654094 5655745 5657396 5659047 5660698 5662349 5668483 5652733 5668483 5668623 5654385 5668623 5668763 5656037 5668763 5668903 5657689 5668903 5669043 5659341 5669043 5669183 5660993 5669183 5669323 5662645 5669323 5669463 5664297 5669463 5652735 5654399 5656063 5657727 5659391 5661055 5662719 5664383 5669590 5669844 5670098 5652699 5654350 5656001 5657652 5659303 5660954 5662605 5669718 5669972 5670226 5652827 5654478 5656129 5657780 5659431 5661082 5662733 5670352 5670479 5670606 5670733 5670860 5670987 5671114 5671241 5671368 5671495 5671622 5652699 5654350 5656001 5657652 5659303 5660954 5662605 5670353 5670480 5670607 5670734 5670861 5670988 5671115 5671242 5671369 5671496 5671623 5652827 5654478 5656129 5657780 5659431 5661082 5662733 5670645 5653131 5670645 5670785 5654783 5670785 5670925 5656435 5670925 5671065 5658087 5671065 5671205 5659739 5671205 5671345 5661391 5671345 5671485 5663043 5671485 5671625 5664695 5671625 5653119 5654783 5656447 5658111 5659775 5661439 5663103 5664767 5671752 5672006 5672260 5653083 5654734 5656385 5658036 5659687 5661338 5662989 5671880 5672134 5672388 5653211 5654862 5656513 5658164 5659815 5661466 5663117 5672514 5672641 5672768 5672895 5673022 5673149 5673276 5673403 5673530 5673657 5673784 5653083 5654734 5656385 5658036 5659687 5661338 5662989 5672515 5672642 5672769 5672896 5673023 5673150 5673277 5673404 5673531 5673658 5673785 5653211 5654862 5656513 5658164 5659815 5661466 5663117 5672807 5653529 5672807 5672947 5655181 5672947 5673087 5656833 5673087 5673227 5658485 5673227 5673367 5660137 5673367 5673507 5661789 5673507 5673647 5663441 5673647 5673787 5665093 5673787 
5663748 5664243 5662084 5662579 5660420 5660915 5658756 5659251 5657092 5657587 5655428 5655923 5653764 5654259 5652100 5663731 5662067 5660403 5658739 5657075 5655411 5653747 5652100 5652604 5653747 5653764 5654268 5655411 5655428 5655932 5657075 5657092 5657596 5658739 5658756 5659260 5660403 5660420 5660924 5662067 5662084 5662588 5663731 5663748 5664252 5663751 5664627 5662087 5662963 5660423 5661299 5658759 5659635 5657095 5657971 5655431 5656307 5653767 5654643 5652103 5663731 5662067 5660403 5658739 5657075 5655411 5653747 5652103 5652985 5653747 5653767 5654649 5655411 5655431 5656313 5657075 5657095 5657977 5658739 5658759 5659641 5660403 5660423 5661305 5662067 5662087 5662969 5663731 5663751 5664633 5663754 5665011 5662090 5663347 5660426 5661683 5658762 5660019 5657098 5658355 5655434 5656691 5653770 5655027 5652106 5663731 5662067 5660403 5658739 5657075 5655411 5653747 5652106 5653366 5653747 5653770 5655030 5655411 5655434 5656694 5657075 5657098 5658358 5658739 5658762 5660022 5660403 5660426 5661686 5662067 5662090 5663350 5663731 5663754 5665014 5652478 5654142 5655806 5657470 5659134 5660798 5662462 5664126 5673907 5674161 5674415 5652571 5654222 5655873 5657524 5659175 5660826 5662477 5674035 5674289 5674543 5652699 5654350 5656001 5657652 5659303 5660954 5662605 5674669 5674796 5674923 5675050 5675177 5675304 5675431 5675558 5675685 5675812 5675939 5652571 5654222 5655873 5657524 5659175 5660826 5662477 5674670 5674797 5674924 5675051 5675178 5675305 5675432 5675559 5675686 5675813 5675940 5652699 5654350 5656001 5657652 5659303 5660954 5662605 5674962 5653038 5674962 5675102 5654690 5675102 5675242 5656342 5675242 5675382 5657994 5675382 5675522 5659646 5675522 5675662 5661298 5675662 5675802 5662950 5675802 5675942 5664602 5675942 5676069 5676323 5676577 5652955 5654606 5656257 5657908 5659559 5661210 5662861 5676197 5676451 5676705 5653083 5654734 5656385 5658036 5659687 5661338 5662989 5676831 5676958 5677085 5677212 5677339 5677466 5677593 5677720 5677847 5677974 5678101 5652955 5654606 5656257 5657908 5659559 5661210 5662861 5676832 5676959 5677086 5677213 5677340 5677467 5677594 5677721 5677848 5677975 5678102 5653083 5654734 5656385 5658036 5659687 5661338 5662989 5677124 5653436 5677124 5677264 5655088 5677264 5677404 5656740 5677404 5677544 5658392 5677544 5677684 5660044 5677684 5677824 5661696 5677824 5677964 5663348 5677964 5678104 5665000 5678104 5678231 5678485 5678739 5653339 5654990 5656641 5658292 5659943 5661594 5663245 5678359 5678613 5678867 5653467 5655118 5656769 5658420 5660071 5661722 5663373 5678993 5679120 5679247 5679374 5679501 5679628 5679755 5679882 5680009 5680136 5680263 5653339 5654990 5656641 5658292 5659943 5661594 5663245 5678994 5679121 5679248 5679375 5679502 5679629 5679756 5679883 5680010 5680137 5680264 5653467 5655118 5656769 5658420 5660071 5661722 5663373 5679286 5653834 5679286 5679426 5655486 5679426 5679566 5657138 5679566 5679706 5658790 5679706 5679846 5660442 5679846 5679986 5662094 5679986 5680126 5663746 5680126 5680266 5665398 5680266 5653606 5650330 5653606 5655258 5650470 5655258 5656910 5650610 5656910 5658562 5650750 5658562 5660214 5650890 5660214 5661866 5651030 5661866 5663518 5651170 5663518 5665170 5651310 5665170 5649548 5649676 5649804 5649932 5650060 5649541 5649668 5649795 5649922 5650049 5664189 5510595 5664189 5664317 5510723 5664317 5664445 5510851 5664445 5664573 5510979 5664573 5664701 5511107 5664701 5664829 5511235 5664829 5510471 5510599 5510727 5510855 5510983 5511111 121412 5510783 121284 5510655 121156 5510527 121028 5510399 120900 5510271 120772 78975 78847 78719 78591 78463 120772 5467708 78463 120900 5467836 78591 121028 5467964 78719 121156 5468092 78847 121284 5468220 78975 121412 5468348 350012 5510783 349884 5510655 349756 5510527 349628 5510399 349500 5510271 349372 309375 309247 309119 308991 308863 349372 5469508 308863 349500 5469636 308991 349628 5469764 309119 349756 5469892 309247 349884 5470020 309375 350012 5470148 5679186 5679440 5679694 5510149 5510276 5510403 5510530 5510657 5679307 5679561 5679815 5509381 5509508 5509635 5509762 5509889 5679948 5680075 5680202 5680329 5680456 5680583 5680710 5680837 5680964 5510149 5510276 5510403 5510530 5510657 5679942 5680069 5680196 5680323 5680450 5680577 5680704 5680831 5680958 5509381 5509508 5509635 5509762 5509889 5680330 5512246 5680330 5680458 5512374 5680458 5680586 5512502 5680586 5680714 5512630 5680714 5680842 5512758 5680842 5680970 5512886 5680970 5687766 5682474 5638049 5687894 5682602 5638177 5688022 5682730 5638305 5688150 5682858 5638433 5688278 5682986 5638561 5688406 5683114 5638689 5688534 5683242 5638806 5688662 5683370 5638938 5688790 5683498 5639066 5688918 5683626 5639194 5689046 5683754 5639322 5689174 5683882 5639450 5689302 5684010 5639568 5689430 5684138 5639700 5689558 5684266 5639828 5689686 5684394 5639956 5689814 5684522 5640084 5689942 5684650 5640212 5690070 5684778 5640335 5690198 5684906 5640463 5690326 5685034 5640591 5690454 5685162 5640719 5690582 5685290 5640847 5690710 5685418 5640975 
5658265 5664107 5664361 5664615 5664869 5665123 5650137 5651788 5653439 5655090 5656741 5658392 5660043 5661694 
5697766 5703608 5703862 5704116 5704370 5704624 5689638 5691289 5692940 5694591 5696242 5697893 5699544 5701195 
5737267 5743109 5743363 5743617 5743871 5744125 5729139 5730790 5732441 5734092 5735743 5737394 5739045 5740696 
5807929 5508679 5507680 5808057 5508807 5507808 5808185 5508935 5507936 5808313 5509063 5508064 5808441 5509191 5508192 5808569 5509319 5508320 5808697 5509447 5508448 5808825 5509575 5508576 5808953 5509703 5508704 5809081 5509831 5508832 5809209 5509959 5508960 5809337 5510087 5509088 5809447 5809575 5809703 5809831 5809959 5810087 5811845 5811972 5812099 5812226 5812353 5812602 5811846 5812602 5812730 5811974 5812730 5812858 5812102 5812858 5812986 5812230 5812986 5813114 5812358 5813114 5828487 5828481 5828741 5828737 5828995 5828993 5829249 5829249 5829503 5829505 5814513 5816165 5817817 5819469 5821121 5822773 5824425 5826077 
5814655 5816319 5817983 5819647 5821311 5822975 5824639 5826303 5829732 5829986 5830240 5814619 5816270 5817921 5819572 5821223 5822874 5824525 5829860 5830114 5830368 5814747 5816398 5818049 5819700 5821351 5823002 5824653 5830494 5830621 5830748 5830875 5831002 5831129 5831256 5831383 5831510 5831637 5831764 5814619 5816270 5817921 5819572 5821223 5822874 5824525 5830495 5830622 5830749 5830876 5831003 5831130 5831257 5831384 5831511 5831638 5831765 5814747 5816398 5818049 5819700 5821351 5823002 5824653 5830787 5815037 5830787 5830927 5816689 5830927 5831067 5818341 5831067 5831207 5819993 5831207 5831347 5821645 5831347 5831487 5823297 5831487 5831627 5824949 5831627 5831767 5826601 5831767 5815039 5816703 5818367 5820031 5821695 5823359 5825023 5826687 5831894 5832148 5832402 5815003 5816654 5818305 5819956 5821607 5823258 5824909 5832022 5832276 5832530 5815131 5816782 5818433 5820084 5821735 5823386 5825037 5832656 5832783 5832910 5833037 5833164 5833291 5833418 5833545 5833672 5833799 5833926 5815003 5816654 5818305 5819956 5821607 5823258 5824909 5832657 5832784 5832911 5833038 5833165 5833292 5833419 5833546 5833673 5833800 5833927 5815131 5816782 5818433 5820084 5821735 5823386 5825037 5832949 5815435 5832949 5833089 5817087 5833089 5833229 5818739 5833229 5833369 5820391 5833369 5833509 5822043 5833509 5833649 5823695 5833649 5833789 5825347 5833789 5833929 5826999 5833929 5815423 5817087 5818751 5820415 5822079 5823743 5825407 5827071 5834056 5834310 5834564 5815387 5817038 5818689 5820340 5821991 5823642 5825293 5834184 5834438 5834692 5815515 5817166 5818817 5820468 5822119 5823770 5825421 5834818 5834945 5835072 5835199 5835326 5835453 5835580 5835707 5835834 5835961 5836088 5815387 5817038 5818689 5820340 5821991 5823642 5825293 5834819 5834946 5835073 5835200 5835327 5835454 5835581 5835708 5835835 5835962 5836089 5815515 5817166 5818817 5820468 5822119 5823770 5825421 5835111 5815833 5835111 5835251 5817485 5835251 5835391 5819137 5835391 5835531 5820789 5835531 5835671 5822441 5835671 5835811 5824093 5835811 5835951 5825745 5835951 5836091 5827397 5836091 
5826052 5826547 5824388 5824883 5822724 5823219 5821060 5821555 5819396 5819891 5817732 5818227 5816068 5816563 5814404 5826035 5824371 5822707 5821043 5819379 5817715 5816051 5814404 5814908 5816051 5816068 5816572 5817715 5817732 5818236 5819379 5819396 5819900 5821043 5821060 5821564 5822707 5822724 5823228 5824371 5824388 5824892 5826035 5826052 5826556 5826055 5826931 5824391 5825267 5822727 5823603 5821063 5821939 5819399 5820275 5817735 5818611 5816071 5816947 5814407 5826035 5824371 5822707 5821043 5819379 5817715 5816051 5814407 5815289 5816051 5816071 5816953 5817715 5817735 5818617 5819379 5819399 5820281 5821043 5821063 5821945 5822707 5822727 5823609 5824371 5824391 5825273 5826035 5826055 5826937 5826058 5827315 5824394 5825651 5822730 5823987 5821066 5822323 5819402 5820659 5817738 5818995 5816074 5817331 5814410 5826035 5824371 5822707 5821043 5819379 5817715 5816051 5814410 5815670 5816051 5816074 5817334 5817715 5817738 5818998 5819379 5819402 5820662 5821043 5821066 5822326 5822707 5822730 5823990 5824371 5824394 5825654 5826035 5826058 5827318 5814782 5816446 5818110 5819774 5821438 5823102 5824766 5826430 5836211 5836465 5836719 5814875 5816526 5818177 5819828 5821479 5823130 5824781 5836339 5836593 5836847 5815003 5816654 5818305 5819956 5821607 5823258 5824909 5836973 5837100 5837227 5837354 5837481 5837608 5837735 5837862 5837989 5838116 5838243 5814875 5816526 5818177 5819828 5821479 5823130 5824781 5836974 5837101 5837228 5837355 5837482 5837609 5837736 5837863 5837990 5838117 5838244 5815003 5816654 5818305 5819956 5821607 5823258 5824909 5837266 5815342 5837266 5837406 5816994 5837406 5837546 5818646 5837546 5837686 5820298 5837686 5837826 5821950 5837826 5837966 5823602 5837966 5838106 5825254 5838106 5838246 5826906 5838246 5838373 5838627 5838881 5815259 5816910 5818561 5820212 5821863 5823514 5825165 5838501 5838755 5839009 5815387 5817038 5818689 5820340 5821991 5823642 5825293 5839135 5839262 5839389 5839516 5839643 5839770 5839897 5840024 5840151 5840278 5840405 5815259 5816910 5818561 5820212 5821863 5823514 5825165 5839136 5839263 5839390 5839517 5839644 5839771 5839898 5840025 5840152 5840279 5840406 5815387 5817038 5818689 5820340 5821991 5823642 5825293 5839428 5815740 5839428 5839568 5817392 5839568 5839708 5819044 5839708 5839848 5820696 5839848 5839988 5822348 5839988 5840128 5824000 5840128 5840268 5825652 5840268 5840408 5827304 5840408 5840535 5840789 5841043 5815643 5817294 5818945 5820596 5822247 5823898 5825549 5840663 5840917 5841171 5815771 5817422 5819073 5820724 5822375 5824026 5825677 5841297 5841424 5841551 5841678 5841805 5841932 5842059 5842186 5842313 5842440 5842567 5815643 5817294 5818945 5820596 5822247 5823898 5825549 5841298 5841425 5841552 5841679 5841806 5841933 5842060 5842187 5842314 5842441 5842568 5815771 5817422 5819073 5820724 5822375 5824026 5825677 5841590 5816138 5841590 5841730 5817790 5841730 5841870 5819442 5841870 5842010 5821094 5842010 5842150 5822746 5842150 5842290 5824398 5842290 5842430 5826050 5842430 5842570 5827702 5842570 5815910 5812634 5815910 5817562 5812774 5817562 5819214 5812914 5819214 5820866 5813054 5820866 5822518 5813194 5822518 5824170 5813334 5824170 5825822 5813474 5825822 5827474 5813614 5827474 5811852 5811980 5812108 5812236 5812364 5811845 5811972 5812099 5812226 5812353 5825243 5514149 5825243 5825371 5514277 5825371 5825499 5514405 5825499 5825627 5514533 5825627 5825755 5514661 5825755 5825883 5514789 5825883 5514025 5514153 5514281 5514409 5514537 5514665 5840240 5840494 5840748 5512453 5512580 5512707 5512834 5512961 5840313 5840567 5840821 5505541 5505668 5505795 5505922 5506049 5841002 5841129 5841256 5841383 5841510 5841637 5841764 5841891 5842018 5512453 5512580 5512707 5512834 5512961 5840948 5841075 5841202 5841329 5841456 5841583 5841710 5841837 5841964 5505541 5505668 5505795 5505922 5506049 5841414 5519610 5841414 5841542 5519738 5841542 5841670 5519866 5841670 5841798 5519994 5841798 5841926 5520122 5841926 5842054 5520250 5842054 5842181 5842435 5842689 5517061 5517188 5517315 5517442 5517569 5842218 5842472 5842726 5505541 5505668 5505795 5505922 5506049 5842943 5843070 5843197 5843324 5843451 5843578 5843705 5843832 5843959 5517061 5517188 5517315 5517442 5517569 5842853 5842980 5843107 5843234 5843361 5843488 5843615 5843742 5843869 5505541 5505668 5505795 5505922 5506049 5843157 5499051 5843157 5843285 5499179 5843285 5843413 5499307 5843413 5843541 5499435 5843541 5843669 5499563 5843669 5843797 5499691 5843797 43748 5518463 43620 5518335 43492 5518207 43364 5518079 43236 5517951 43108 639 511 383 255 127 43108 5474716 127 43236 5474844 255 43364 5474972 383 43492 5475100 511 43620 5475228 639 43748 5475356 5844092 5844346 5844600 5517829 5517956 5518083 5518210 5518337 5844153 5844407 5844661 5509381 5509508 5509635 5509762 5509889 5844854 5844981 5845108 5845235 5845362 5845489 5845616 5845743 5845870 5517829 5517956 5518083 5518210 5518337 5844788 5844915 5845042 5845169 5845296 5845423 5845550 5845677 5845804 5509381 5509508 5509635 5509762 5509889 5845236 5521164 5845236 5845364 5521292 5845364 5845492 5521420 5845492 5845620 5521548 5845620 5845748 5521676 5845748 5845876 5521804 5845876 5515338 5508479 5515210 5508351 5515082 5508223 5514954 5508095 5514826 5507967 5514698 5515391 5515263 5515135 5515007 5514879 5514698 5507894 5514879 5514826 5508022 5515007 5514954 5508150 5515135 5515082 5508278 5515263 5515210 5508406 5515391 5515338 5508534 5516862 5508479 5516734 5508351 5516606 5508223 5516478 5508095 5516350 5507967 5516222 5516927 5516799 5516671 5516543 5516415 5516222 5507906 5516415 5516350 5508034 5516543 5516478 5508162 5516671 5516606 5508290 5516799 5516734 5508418 5516927 5516862 5508546 5519148 5508479 5519020 5508351 5518892 5508223 5518764 5508095 5518636 5507967 5518508 5519231 5519103 5518975 5518847 5518719 5518508 5507924 5518719 5518636 5508052 5518847 5518764 5508180 5518975 5518892 5508308 5519103 5519020 5508436 5519231 5519148 5508564 5845830 5499834 5497172 5845958 5499962 5497300 5846086 5500090 5497428 5846214 5500218 5497556 5846342 5500346 5497684 5846470 5500474 5497812 
5516016 5497727 5515888 5497599 5515760 5497471 5515632 5497343 5515504 5497215 5515376 5516159 5516031 5515903 5515775 5515647 5515376 5497232 5515647 5515504 5497360 5515775 5515632 5497488 5515903 5515760 5497616 5516031 5515888 5497744 5516159 5516016 5497872 
5846598 5500602 5497916 5846726 5500730 5498044 5846854 5500858 5498172 5846982 5500986 5498300 5847110 5501114 5498428 5847238 5501242 5498556 
1320 315645 5457367 315645 5457367 1320 315645 5457367 315645 5457367 1320 5457367 315645 5457367 315645 1320 5457367 315645 5457367 315645 
1386 315711 5457433 315711 5457433 1386 315711 5457433 315711 5457433 1386 5457433 315711 5457433 315711 1386 5457433 315711 5457433 315711 
1452 315777 5457499 315777 5457499 1452 315777 5457499 315777 5457499 1452 5457499 315777 5457499 315777 1452 5457499 315777 5457499 315777 
6576562 6582404 6582658 6582912 6583166 6583420 6568434 6570085 6571736 6573387 6575038 6576689 6578340 6579991 
164205 6616186 6622028 6622282 6622536 6622790 6623044 6608058 6609709 6611360 6613011 6614662 6616313 6617964 6619615 6640951 6646031 6648444 6643491 6643745 6643999 6644253 6644507 6638157 6638665 6639173 6639681 6640189 6640697 6641205 6641713 6642221 6650476 6652508 6652000 6654794 
6701299 6707141 6707395 6707649 6707903 6708157 6693171 6694822 6696473 6698124 6699775 6701426 6703077 6704728 
167149 6740923 6746765 6747019 6747273 6747527 6747781 6732795 6734446 6736097 6737748 6739399 6741050 6742701 6744352 6765688 6770768 6773181 6768228 6768482 6768736 6768990 6769244 6762894 6763402 6763910 6764418 6764926 6765434 6765942 6766450 6766958 6775213 6777245 6776737 6779531 6826013 6831855 6832109 6832363 6832617 6832871 6817885 6819536 6821187 6822838 6824489 6826140 6827791 6829442 
169816 6865637 6871479 6871733 6871987 6872241 6872495 6857509 6859160 6860811 6862462 6864113 6865764 6867415 6869066 6890402 6895482 6897895 6892942 6893196 6893450 6893704 6893958 6887608 6888116 6888624 6889132 6889640 6890148 6890656 6891164 6891672 6899927 6901959 6901451 6904245 
6947722 6953564 6953818 6954072 6954326 6954580 6939594 6941245 6942896 6944547 6946198 6947849 6949500 6951151 
172653 6987346 6993188 6993442 6993696 6993950 6994204 6979218 6980869 6982520 6984171 6985822 6987473 6989124 6990775 7012111 7017191 7019604 7014651 7014905 7015159 7015413 7015667 7009317 7009825 7010333 7010841 7011349 7011857 7012365 7012873 7013381 7021636 7023668 7023160 7025954 7072436 7078278 7078532 7078786 7079040 7079294 7064308 7065959 7067610 7069261 7070912 7072563 7074214 7075865 
175320 7112060 7117902 7118156 7118410 7118664 7118918 7103932 7105583 7107234 7108885 7110536 7112187 7113838 7115489 7136825 7141905 7144318 7139365 7139619 7139873 7140127 7140381 7134031 7134539 7135047 7135555 7136063 7136571 7137079 7137587 7138095 7146350 7148382 7147874 7150668 
7194145 7199987 7200241 7200495 7200749 7201003 7186017 7187668 7189319 7190970 7192621 7194272 7195923 7197574 
178157 7233769 7239611 7239865 7240119 7240373 7240627 7225641 7227292 7228943 7230594 7232245 7233896 7235547 7237198 7258534 7263614 7266027 7261074 7261328 7261582 7261836 7262090 7255740 7256248 7256756 7257264 7257772 7258280 7258788 7259296 7259804 7268059 7270091 7269583 7272377 7318859 7324701 7324955 7325209 7325463 7325717 7310731 7312382 7314033 7315684 7317335 7318986 7320637 7322288 
180824 7358483 7364325 7364579 7364833 7365087 7365341 7350355 7352006 7353657 7355308 7356959 7358610 7360261 7361912 7383248 7388328 7390741 7385788 7386042 7386296 7386550 7386804 7380454 7380962 7381470 7381978 7382486 7382994 7383502 7384010 7384518 7392773 7394805 7394297 7397091 
0
./QASMBench/large/bv_n19/bv_n19.qasm
0
0
./QASMBench/large/ising_model_n1000/ising_model_n1000.qasm
0
0
./QASMBench/large/qft_n20/qft_n20.qasm
0
0
./QASMBench/large/square_root_n18/square_root_n18.qasm
0
0
./QASMBench/large/multiplier_n25/multiplier_n25.qasm
0
0
./QASMBench/large/cc_n18/cc_n18.qasm
0
0
./QASMBench/small/basis_trotter_n4/basis_test_n4.qasm
0
0
./QASMBench/small/basis_trotter_n4/basis_trotter_n4.qasm
0
0
./QASMBench/small/basis_change_n3/basis_change_n3.qasm
./QASMBench/small/adder_n4/adder_n4.qasm
0
0
./QASMBench/small/teleportation_n3/teleportation_n3.qasm
./QASMBench/small/deutsch_n2/deutsch_n2.qasm
./QASMBench/small/fredkin_n3/fredkin_n3.qasm
./QASMBench/small/inverseqft_n4/inverseqft_n4.qasm
./QASMBench/small/qec_sm_n5/qec_sm_n5.qasm
./QASMBench/small/lpn_n5/lpn_n5.qasm
./QASMBench/small/shor_n5/shor_n5.qasm
./QASMBench/small/iswap_n2/iswap_n2.qasm
./QASMBench/small/bell_n4/bell_n4.qasm
./QASMBench/small/toffoli_n3/toffoli_n3.qasm
./QASMBench/small/cat_state_n4/cat_state_n4.qasm
./QASMBench/small/ipea_n2/ipea_n2.qasm
./QASMBench/small/wstate_n3/wstate_n3.qasm
./QASMBench/small/error_correctiond3_n5/error_correctiond3_n5.qasm
0
0
./QASMBench/small/vqe_uccsd_n4/vqe_uccsd_n4.qasm
1
127 127 127 127 255 127 127 255 255 127 127 255 255 255 255 255 
0
./QASMBench/small/pea_n5/pea_n5.qasm
./QASMBench/small/qrng_n4/qrng_n4.qasm
./QASMBench/small/qft_n4/qft_n4.qasm
./QASMBench/small/hs4_n4/hs4_n4.qasm
./QASMBench/small/qaoa_n3/qaoa_n3.qasm
./QASMBench/small/dnn_n2/dnn_n2.qasm
0
0
./QASMBench/small/grover_n2/grover_n2.qasm
./QASMBench/small/quantumwalks_n2/quantumwalks_n2.qasm
./QASMBench/small/variational_n4/variational_n4.qasm
0
0
./QASMBench/small/qec_en_n5/qec_en_n5.qasm
./QASMBench/small/linearsolver_n3/linearsolver_n3.qasm
./QASMBench/medium/qaoa_n6/qaoa_n6.qasm
2
1 127 1 2 254 2 5 635 5 129 255 129 
1 127 1 386 638 386 2 254 2 129 255 129 5 635 5 
0
./QASMBench/medium/ising_n10/ising_n10.qasm
0
0
./QASMBench/medium/qft_n15/qft_n15.qasm
0
0
./QASMBench/medium/multiplier_n15/multiplier_n15.qasm
0
0
./QASMBench/medium/seca_n11/seca_n11.qasm
./QASMBench/medium/sat_n11/sat_n11.qasm
./QASMBench/medium/adder_n10/adder_n10.qasm
./QASMBench/medium/simon_n6/simon_n6.qasm
./QASMBench/medium/multiply_n13/multiply_n13.qasm
./QASMBench/medium/vqe_uccsd_n6/vqe_uccsd_n6.qasm
2
639 127 127 127 127 255 127 127 255 255 127 127 255 255 255 255 255 
511 511 383 383 511 511 383 383 511 511 511 511 
0
./QASMBench/medium/dnn_n8/dnn_n8.qasm
0
0
./QASMBench/medium/bb84_n8/bb84_n8.qasm
./QASMBench/medium/vqe_uccsd_n8/vqe_uccsd_n8.qasm
4
895 127 127 127 127 255 127 127 255 255 127 127 255 255 255 255 255 
511 511 383 383 511 511 383 383 511 511 511 511 
639 639 511 511 639 639 511 511 639 639 639 639 
767 767 639 639 767 767 639 639 767 767 767 767 
0
./QASMBench/medium/qpe_n9/qpe_n9.qasm
./QASMBench/medium/qf21_n15/qf21_n15.qasm
./QASMBench/medium/cc_n12/cc_n12.qasm
0
0
./QASMBench/medium/bv_n14/bv_n14.qasm
0
0
